R10@10 345.439,0.197637,0.197637
R10@16 343.64,0.216387,0.135244
R10@32 334.598,0.233818,0.0730688
R10@64 325.851,0.241299,0.0377031
R10@100 335.069,0.244149,0.0244149
R10@128 335.638,0.245659,0.0191922
R10@10 501.748,0.199747,0.199747
R10@16 469.577,0.219447,0.137156
R10@32 397.337,0.237068,0.0740844
R10@64 389.252,0.244638,0.038225
R10@100 406.999,0.247489,0.0247489
R10@128 383.158,0.249139,0.0194641
R10@10 581.951,0.200677,0.200677
R10@16 749.334,0.220867,0.138044
R10@32 765.781,0.238708,0.0745969
R10@64 766.803,0.246568,0.0385266
R10@100 770.391,0.249418,0.0249419
R10@128 632.356,0.250868,0.0195992
R10@10 970.797,0.200877,0.200877
R10@16 939.545,0.221438,0.1384
R10@32 1042.15,0.239498,0.0748437
R10@64 1100.62,0.247398,0.0386562
R10@100 1608.47,0.250419,0.0250419
R10@128 1334.69,0.251889,0.0196789
R10@10 1883.29,0.200927,0.200927
R10@16 1919.03,0.221548,0.138469
R10@32 2053.95,0.239838,0.07495
R10@64 2556.93,0.247808,0.0387203
R10@100 1996.96,0.250809,0.0250809
R10@128 2369.26,0.252349,0.0197148
R10@10 186.753,0.195077,0.195077
R10@16 206.147,0.213207,0.133256
R10@32 209.129,0.230068,0.0718969
R10@64 201.824,0.237398,0.0370938
R10@100 208.435,0.240228,0.0240228
R10@128 198.574,0.241788,0.0188898
R10@10 323.579,0.198657,0.198657
R10@16 311.499,0.217487,0.135931
R10@32 317.673,0.235218,0.0735063
R10@64 318.363,0.242939,0.0379594
R10@100 291.096,0.245689,0.0245689
R10@128 285.741,0.247279,0.0193188
R10@10 387.449,0.200417,0.200417
R10@16 368.242,0.220148,0.137594
R10@32 396.304,0.237718,0.0742875
R10@64 373.321,0.245528,0.0383641
R10@100 371.041,0.248448,0.0248449
R10@128 463.163,0.250019,0.0195328
R10@10 766.405,0.201207,0.201207
R10@16 771.183,0.221198,0.13825
R10@32 758.406,0.238978,0.0746813
R10@64 758.549,0.246868,0.0385734
R10@100 633.387,0.249828,0.0249829
R10@128 687.64,0.251419,0.0196422
R10@10 989.014,0.201357,0.201357
R10@16 1156.62,0.221418,0.138388
R10@32 1361.5,0.239298,0.0747812
R10@64 1678.52,0.247268,0.0386359
R10@100 1414.3,0.250299,0.0250299
R10@128 1467.73,0.251859,0.0196766
R10@10 120.017,0.190267,0.190267
R10@16 119.449,0.208297,0.130187
R10@32 111.146,0.225038,0.070325
R10@64 111.035,0.232048,0.0362578
R10@100 117.939,0.234878,0.0234878
R10@128 120.828,0.236108,0.0184461
R10@10 190.222,0.195497,0.195497
R10@16 177.551,0.214337,0.133962
R10@32 184.661,0.232038,0.0725125
R10@64 184.352,0.239308,0.0373922
R10@100 182.44,0.242238,0.0242238
R10@128 178.634,0.243648,0.0190352
R10@10 275.71,0.198467,0.198467
R10@16 271.784,0.217627,0.136019
R10@32 270.198,0.236008,0.0737531
R10@64 251.935,0.243468,0.0380422
R10@100 235.05,0.246288,0.0246288
R10@128 214.567,0.247808,0.0193602
R10@10 327.721,0.199847,0.199847
R10@16 328.15,0.219437,0.13715
R10@32 326.461,0.238318,0.074475
R10@64 313.879,0.245948,0.0384297
R10@100 352.531,0.248738,0.0248739
R10@128 399.083,0.250278,0.0195531
R10@10 643.643,0.200267,0.200267
R10@16 659.589,0.220107,0.137569
R10@32 655.764,0.238968,0.0746781
R10@64 658.104,0.246758,0.0385563
R10@100 593.742,0.249649,0.0249649
R10@128 573.152,0.251159,0.0196219
R10@10 166.484,0.166957,0.166957
R10@16 181.923,0.180077,0.11255
R10@32 171.007,0.193847,0.0605781
R10@64 168.758,0.199717,0.0312063
R10@100 170.314,0.202027,0.0202028
R10@128 171.722,0.202977,0.0158578
R10@10 283.328,0.179627,0.179627
R10@16 271.073,0.195687,0.122306
R10@32 274.914,0.211597,0.066125
R10@64 279.178,0.218418,0.0341281
R10@100 278.209,0.221088,0.0221088
R10@128 272.186,0.222328,0.0173695
R10@10 375.075,0.189027,0.189027
R10@16 345.109,0.206837,0.129275
R10@32 339.452,0.224388,0.0701219
R10@64 351.303,0.231858,0.0362281
R10@100 350.035,0.234808,0.0234808
R10@128 323.931,0.236198,0.0184531
R10@10 600.131,0.194957,0.194957
R10@16 655.162,0.214067,0.133794
R10@32 670.535,0.232558,0.072675
R10@64 650.802,0.240188,0.0375297
R10@100 667.783,0.243088,0.0243088
R10@128 603.769,0.244558,0.0191063
R10@10 786.592,0.197477,0.197477
R10@16 775.03,0.216977,0.135613
R10@32 829.356,0.235868,0.0737094
R10@64 931.334,0.243828,0.0380984
R10@100 968.758,0.246609,0.0246609
R10@128 1368.18,0.248069,0.0193805
R10@10 1562.64,0.199087,0.199087
R10@16 1527.13,0.218828,0.136769
R10@32 1580.27,0.237948,0.0743594
R10@64 1491.77,0.246018,0.0384406
R10@100 1741.99,0.248878,0.0248879
R10@128 2168.32,0.250348,0.0195586
R10@10 2120.59,0.199567,0.199567
R10@16 2644.32,0.219437,0.13715
R10@32 2818.54,0.238628,0.0745719
R10@64 2615.03,0.246558,0.038525
R10@100 2515.31,0.249588,0.0249589
R10@128 2459.52,0.251079,0.0196156
R10@10 3093.1,0.199937,0.199937
R10@16 2920.57,0.219927,0.137456
R10@32 1545.76,0.239148,0.0747344
R10@64 1609.2,0.247108,0.0386109
R10@100 1521.31,0.250148,0.0250149
R10@10 42.2977,0.144307,0.144307
R10@16 48.314,0.153537,0.0959625
R10@32 46.9381,0.161427,0.0504469
R10@64 49.2596,0.165577,0.0258719
R10@100 45.6188,0.167617,0.0167619
R10@128 49.2437,0.168597,0.0131719
R10@10 84.8454,0.161247,0.161247
R10@16 91.2125,0.173107,0.108194
R10@32 83.7833,0.182887,0.0571531
R10@64 78.8201,0.187747,0.0293359
R10@100 82.5274,0.190357,0.0190358
R10@128 81.37,0.191467,0.0149586
R10@10 135.631,0.174997,0.174997
R10@16 130.023,0.190307,0.118944
R10@32 127.545,0.201817,0.0630687
R10@64 125.459,0.207237,0.0323813
R10@100 129.432,0.209857,0.0209858
R10@128 131.451,0.210887,0.0164758
R10@10 205.622,0.184147,0.184147
R10@16 207.655,0.201377,0.125862
R10@32 199.201,0.214788,0.0671219
R10@64 203.183,0.221198,0.0345625
R10@100 189.295,0.224068,0.0224068
R10@128 187.994,0.225188,0.017593
R10@10 280.15,0.190647,0.190647
R10@16 243.505,0.208657,0.130413
R10@32 237.083,0.223678,0.0699
R10@64 238.243,0.230528,0.0360203
R10@100 238.54,0.233538,0.0233538
R10@128 262.593,0.234868,0.0183492
R10@10 340.876,0.194637,0.194637
R10@16 352.372,0.213577,0.133487
R10@32 408.759,0.229628,0.0717594
R10@64 454.847,0.236738,0.0369906
R10@100 458.498,0.239648,0.0239648
R10@128 464.216,0.241218,0.0188453
R10@10 663.149,0.197597,0.197597
R10@16 669.667,0.217127,0.135706
R10@32 580.25,0.233948,0.0731094
R10@64 526.485,0.241178,0.0376844
R10@100 538.101,0.244348,0.0244348
R10@128 513.315,0.245768,0.0192008
R10@10 778.866,0.199917,0.199917
R10@16 865.148,0.220118,0.137575
R10@32 839.804,0.237218,0.0741313
R10@64 1334.28,0.244588,0.0382172
R10@100 1187.97,0.247728,0.0247729
R10@128 1078.71,0.249198,0.0194688
R10@10 10.4073,0.127198,0.127198
R10@16 13.7586,0.134198,0.083875
R10@32 14.0681,0.140588,0.0439344
R10@64 12.1555,0.144767,0.0226203
R10@100 12.4675,0.147797,0.0147798
R10@128 14.4352,0.148937,0.0116359
R10@10 22.6117,0.143368,0.143368
R10@16 27.6503,0.153017,0.0956375
R10@32 26.735,0.161477,0.0504625
R10@64 26.0951,0.165977,0.0259344
R10@100 22.7326,0.168597,0.0168599
R10@128 24.8169,0.169587,0.0132492
R10@10 43.792,0.158657,0.158657
R10@16 36.9312,0.170887,0.106806
R10@32 35.1858,0.180717,0.056475
R10@64 35.0734,0.186107,0.0290797
R10@100 39.2181,0.188477,0.0188478
R10@128 36.3067,0.189707,0.0148211
R10@10 64.4857,0.171457,0.171457
R10@16 60.2351,0.185787,0.116119
R10@32 64.0572,0.197797,0.0618125
R10@64 67.318,0.203427,0.0317859
R10@100 68.8301,0.206057,0.0206058
R10@128 65.332,0.207657,0.0162234
R10@10 112.2,0.181297,0.181297
R10@16 105.677,0.197347,0.123344
R10@32 113.411,0.211568,0.0661156
R10@64 102.333,0.217748,0.0340234
R10@100 106.57,0.220318,0.0220318
R10@128 103.683,0.221608,0.0173133
R10@10 177.938,0.188517,0.188517
R10@16 170.345,0.205437,0.1284
R10@32 162.603,0.220998,0.0690625
R10@64 167.085,0.227878,0.0356063
R10@100 166.339,0.230508,0.0230508
R10@128 164.235,0.231678,0.0181
R10@10 245.92,0.193617,0.193617
R10@16 225.371,0.211707,0.132319
R10@32 208.98,0.228368,0.0713656
R10@64 202.024,0.235658,0.0368219
R10@100 194.444,0.238358,0.0238358
R10@128 188.382,0.239838,0.0187375
R10@10 283.024,0.197357,0.197357
R10@16 309.585,0.216367,0.135231
R10@32 274.001,0.233808,0.0730656
R10@64 295.542,0.241508,0.0377359
R10@100 356.778,0.244108,0.0244109
R10@128 386.86,0.245538,0.0191828
R10@10 69.0075,0.171527,0.171527
R10@16 67.465,0.185617,0.116012
R10@32 70.1761,0.197847,0.0618281
R10@64 67.643,0.203487,0.0317953
R10@100 68.6247,0.205717,0.0205719
R10@128 66.4354,0.207007,0.0161727
R10@10 104.824,0.183927,0.183927
R10@16 105.636,0.199917,0.12495
R10@32 108.596,0.214017,0.0668812
R10@64 106.35,0.220258,0.0344156
R10@100 106.416,0.222488,0.0222488
R10@128 107.167,0.223738,0.0174797
R10@10 175.372,0.191457,0.191457
R10@16 169.423,0.208987,0.130619
R10@32 173.238,0.224618,0.0701938
R10@64 169.999,0.231438,0.0361625
R10@100 176.998,0.233978,0.0233978
R10@128 165.561,0.235188,0.0183742
R10@10 271.201,0.195877,0.195877
R10@16 266.012,0.214717,0.1342
R10@32 244.512,0.231678,0.0724
R10@64 236.909,0.238718,0.0373
R10@100 213.399,0.241518,0.0241519
R10@128 202.662,0.242878,0.018975
R10@10 319.838,0.198427,0.198427
R10@16 342.483,0.217957,0.136225
R10@32 318.224,0.235438,0.073575
R10@64 318.428,0.242848,0.0379453
R10@100 330.137,0.245568,0.0245569
R10@128 414.905,0.246998,0.0192969
R10@10 645.703,0.200187,0.200187
R10@16 649.089,0.220327,0.137706
R10@32 650.677,0.238258,0.0744563
R10@64 652.433,0.245678,0.0383875
R10@100 550.106,0.248578,0.0248579
R10@128 546.785,0.250018,0.0195328
R10@10 783.522,0.200817,0.200817
R10@16 816.61,0.221068,0.138169
R10@32 943.501,0.238998,0.0746875
R10@64 925.176,0.246758,0.0385563
R10@100 1436.77,0.249739,0.0249739
R10@128 1236.9,0.251229,0.0196273
R10@10 72.735,0.163967,0.163967
R10@16 75.1015,0.176787,0.110494
R10@32 70.9199,0.188307,0.0588469
R10@64 75.9613,0.193537,0.0302406
R10@100 71.8169,0.196147,0.0196148
R10@128 77.0043,0.197007,0.0153914
R10@10 109.369,0.176807,0.176807
R10@16 117.576,0.191467,0.119669
R10@32 119.004,0.205037,0.064075
R10@64 116.388,0.211208,0.0330016
R10@100 114.928,0.213888,0.0213888
R10@128 117.047,0.215168,0.0168102
R10@10 183.981,0.186287,0.186287
R10@16 179.307,0.202717,0.1267
R10@32 166.678,0.217658,0.0680187
R10@64 169.677,0.224498,0.0350781
R10@100 168.049,0.227218,0.0227218
R10@128 164.653,0.228428,0.0178461
R10@10 265.242,0.192927,0.192927
R10@16 254.42,0.210537,0.131588
R10@32 242.216,0.226478,0.070775
R10@64 212.766,0.233518,0.0364875
R10@100 208.189,0.236488,0.0236488
R10@128 208.888,0.237818,0.0185797
R10@10 306.55,0.196857,0.196857
R10@16 300.983,0.215707,0.134819
R10@32 293.031,0.232178,0.0725562
R10@64 284.312,0.239329,0.0373953
R10@100 315.033,0.242179,0.0242179
R10@128 388.196,0.243669,0.0190367
R10@10 581.557,0.199387,0.199387
R10@16 596.035,0.218848,0.136781
R10@32 596.569,0.235728,0.0736656
R10@64 583.323,0.243318,0.0380187
R10@100 599.029,0.246229,0.0246229
R10@128 456.365,0.247708,0.0193523
R10@10 746.607,0.200687,0.200687
R10@16 724.673,0.220598,0.137875
R10@32 775.991,0.237868,0.0743344
R10@64 843.916,0.245488,0.0383578
R10@100 868.756,0.248429,0.0248429
R10@128 1254.34,0.250068,0.0195367
R10@10 22.7237,0.154117,0.154117
R10@16 21.2457,0.165477,0.103425
R10@32 23.0326,0.175457,0.0548313
R10@64 22.6086,0.180287,0.0281703
R10@100 23.0923,0.182937,0.0182938
R10@128 22.4359,0.184107,0.0143836
R10@10 37.357,0.168567,0.168567
R10@16 39.6822,0.182367,0.113981
R10@32 37.0198,0.194977,0.0609313
R10@64 38.1051,0.200577,0.0313406
R10@100 37.2509,0.203277,0.0203279
R10@128 38.8062,0.204667,0.0159898
R10@10 64.8726,0.179857,0.179857
R10@16 59.0545,0.195237,0.122025
R10@32 63.9288,0.209457,0.0654562
R10@64 62.9697,0.215608,0.0336891
R10@100 64.0398,0.218288,0.0218288
R10@128 59.799,0.219578,0.0171547
R10@10 98.5824,0.187717,0.187717
R10@16 99.776,0.204627,0.127894
R10@32 92.391,0.220168,0.0688031
R10@64 105.15,0.226978,0.0354656
R10@100 96.3742,0.229578,0.0229578
R10@128 98.2495,0.231098,0.0180547
R10@10 154.381,0.193197,0.193197
R10@16 153.285,0.210848,0.131781
R10@32 149.112,0.227728,0.0711656
R10@64 146.865,0.234799,0.0366875
R10@100 147.485,0.237559,0.0237558
R10@128 132.932,0.239199,0.0186875
R10@10 215.655,0.196397,0.196397
R10@16 231.309,0.214918,0.134325
R10@32 214.717,0.232408,0.0726281
R10@64 208.597,0.239378,0.0374031
R10@100 182.405,0.242539,0.0242539
R10@128 179.202,0.244028,0.0190648
R10@10 267.739,0.198907,0.198907
R10@16 260.47,0.218048,0.136281
R10@32 263.354,0.236218,0.0738188
R10@64 246.811,0.243368,0.0380266
R10@100 249.465,0.246499,0.0246499
R10@128 273.899,0.247799,0.0193594
R10@10 165.511,0.187857,0.187857
R10@16 164.875,0.204667,0.127919
R10@32 169.488,0.222308,0.0694719
R10@64 172.871,0.228978,0.0357781
R10@100 166.349,0.231598,0.0231598
R10@128 165.535,0.232768,0.0181852
R10@10 278.519,0.194297,0.194297
R10@16 278.324,0.212287,0.132681
R10@32 265.41,0.230918,0.0721625
R10@64 269.701,0.238098,0.0372031
R10@100 266.669,0.240838,0.0240838
R10@128 271.158,0.242088,0.0189133
R10@10 399.921,0.197577,0.197577
R10@16 345.307,0.216537,0.135338
R10@32 339.965,0.235748,0.0736719
R10@64 348.784,0.243168,0.0379953
R10@100 361.194,0.246049,0.0246049
R10@128 343.283,0.247438,0.0193313
R10@10 617.615,0.198757,0.198757
R10@16 673.912,0.218347,0.136469
R10@32 689.401,0.238018,0.0743812
R10@64 687.682,0.245648,0.0383828
R10@100 693.835,0.248589,0.0248589
R10@128 575.234,0.250039,0.0195344
R10@10 875.416,0.199627,0.199627
R10@16 860.084,0.219147,0.136969
R10@32 971.954,0.239058,0.0747062
R10@64 1007.51,0.246818,0.0385656
R10@100 1419.1,0.249789,0.0249789
R10@128 1389.04,0.251279,0.0196312
R10@10 1620.4,0.200107,0.200107
R10@16 1960.29,0.219757,0.13735
R10@32 1857.7,0.239828,0.0749469
R10@64 2414.75,0.247568,0.0386828
R10@100 2300.54,0.250599,0.0250599
R10@128 1822.6,0.252069,0.019693
R10@10 132.194,0.184387,0.184387
R10@16 125.792,0.202257,0.126412
R10@32 124.384,0.217037,0.067825
R10@64 122.373,0.223978,0.0349969
R10@100 129.133,0.226268,0.0226268
R10@128 136.967,0.227628,0.0177836
R10@10 213.064,0.192197,0.192197
R10@16 214.479,0.211457,0.132162
R10@32 210.072,0.227888,0.0712156
R10@64 216.098,0.235528,0.0368016
R10@100 209.636,0.237868,0.0237869
R10@128 214.419,0.239348,0.0186992
R10@10 342.791,0.196157,0.196157
R10@16 329.34,0.216287,0.135181
R10@32 306.588,0.233838,0.073075
R10@64 275.411,0.241608,0.0377516
R10@100 262.209,0.244228,0.0244229
R10@128 269.039,0.245698,0.0191953
R10@10 428.499,0.198267,0.198267
R10@16 404.237,0.218647,0.136656
R10@32 455.863,0.236938,0.0740438
R10@64 526.167,0.244768,0.0382453
R10@100 533.782,0.247678,0.0247679
R10@128 539.679,0.249269,0.0194742
R10@10 803.012,0.199137,0.199137
R10@16 769.042,0.219617,0.137262
R10@32 669.629,0.238268,0.0744594
R10@64 699.823,0.246229,0.0384734
R10@100 683.017,0.249109,0.0249109
R10@128 740.085,0.250699,0.0195859
R10@10 1168.44,0.199497,0.199497
R10@16 1523.93,0.220227,0.137644
R10@32 1581.01,0.239018,0.0746937
R10@64 1362.24,0.247078,0.0386062
R10@100 1590.77,0.250039,0.0250039
R10@128 1419.22,0.251569,0.0196539
R10@10 77.9237,0.175697,0.175697
R10@16 82.7743,0.191257,0.119538
R10@32 86.2037,0.204697,0.0639687
R10@64 86.693,0.211047,0.0329766
R10@100 81.8111,0.213657,0.0213659
R10@128 82.5969,0.214867,0.0167867
R10@10 130.707,0.185387,0.185387
R10@16 129.43,0.201997,0.12625
R10@32 128.762,0.217138,0.0678563
R10@64 132.582,0.223728,0.0349578
R10@100 131.478,0.226478,0.0226479
R10@128 134.003,0.227838,0.0178
R10@10 185.794,0.192647,0.192647
R10@16 185.273,0.210417,0.131512
R10@32 195.338,0.227078,0.0709625
R10@64 195.701,0.233968,0.0365578
R10@100 186.101,0.236908,0.0236909
R10@128 186.191,0.238348,0.0186211
R10@10 266.344,0.196647,0.196647
R10@16 253.411,0.215727,0.134831
R10@32 227.365,0.232898,0.0727812
R10@64 206.624,0.240178,0.0375281
R10@100 210.49,0.243018,0.0243019
R10@128 203.714,0.244598,0.0191094
R10@10 304.952,0.198257,0.198257
R10@16 322.131,0.218097,0.136312
R10@32 291.99,0.235998,0.07375
R10@64 345.564,0.243488,0.0380453
R10@100 385.984,0.246328,0.0246329
R10@128 404.75,0.247928,0.0193695
R10@10 577.43,0.199717,0.199717
R10@16 581.633,0.219717,0.137325
R10@32 585.793,0.237778,0.0743062
R10@64 589.598,0.245548,0.0383672
R10@100 494.955,0.248408,0.0248409
R10@128 521.832,0.250068,0.0195367
R1@1 340.008,0.3266,0.3266
R1@2 321.658,0.4543,0.22715
R1@4 344.053,0.5133,0.128325
R1@8 334.54,0.5379,0.0672375
R1@10 315.622,0.5433,0.0543314
R1@16 325.305,0.5507,0.0344188
R1@32 320.154,0.5583,0.0174469
R1@64 317.069,0.5621,0.00878281
R1@100 288.536,0.5635,0.00563465
R1@128 270.413,0.5642,0.00440781
R1@1 382.158,0.327,0.327
R1@2 380.345,0.4554,0.2277
R1@4 377.235,0.514,0.1285
R1@8 379.948,0.5389,0.0673625
R1@10 370.306,0.5446,0.0544614
R1@16 316.069,0.5518,0.0344875
R1@32 473.377,0.56,0.0175
R1@64 507.801,0.5641,0.00881406
R1@100 509.403,0.5653,0.00565265
R1@128 509.865,0.5661,0.00442266
R1@1 769.831,0.328,0.328
R1@2 631.967,0.4565,0.22825
R1@4 622.198,0.5152,0.1288
R1@8 658.157,0.5399,0.0674875
R1@10 646.274,0.5458,0.0545814
R1@16 757.335,0.5528,0.03455
R1@32 763.715,0.5615,0.0175469
R1@64 887.715,0.5655,0.00883594
R1@100 1132.32,0.5667,0.00566665
R1@128 996.997,0.5673,0.00443203
R1@1 1295.26,0.3283,0.3283
R1@2 1496.83,0.4567,0.22835
R1@4 1390.51,0.5153,0.128825
R1@8 1409.79,0.5399,0.0674875
R1@10 1690.84,0.5455,0.0545514
R1@16 1962.38,0.5526,0.0345375
R1@32 1470.23,0.5618,0.0175563
R1@64 1451.77,0.5657,0.00883906
R1@100 1905.81,0.5669,0.00566865
R1@128 1918.8,0.5675,0.00443359
R1@1 2516.9,0.3283,0.3283
R1@2 2391.23,0.4566,0.2283
R1@4 2402.03,0.5153,0.128825
R1@8 2304.72,0.54,0.0675
R1@10 2379.14,0.5454,0.0545414
R1@16 2251.99,0.5525,0.0345313
R1@32 1085.79,0.5619,0.0175594
R1@64 1222.58,0.5658,0.00884063
R1@100 1269.65,0.567,0.00566965
R1@128 1245.73,0.5676,0.00443438
R1@1 199.024,0.3269,0.3269
R1@2 194.534,0.453,0.2265
R1@4 182.37,0.5123,0.128075
R1@8 189.198,0.5362,0.067025
R1@10 199.879,0.5411,0.0541115
R1@16 197.968,0.5484,0.034275
R1@32 187.083,0.5561,0.0173781
R1@64 190.258,0.5602,0.00875312
R1@100 181.353,0.5613,0.00561266
R1@128 190.034,0.5621,0.00439141
R1@1 326.61,0.328,0.328
R1@2 312.987,0.4554,0.2277
R1@4 301.333,0.5153,0.128825
R1@8 267.864,0.5384,0.0673
R1@10 235.522,0.5445,0.0544514
R1@16 240.793,0.5504,0.0344
R1@32 239.071,0.559,0.0174688
R1@64 242.707,0.5631,0.00879844
R1@100 252.805,0.5642,0.00564165
R1@128 227.508,0.5648,0.0044125
R1@1 399.879,0.3285,0.3285
R1@2 469.467,0.4561,0.22805
R1@4 494.268,0.5162,0.12905
R1@8 501.624,0.5391,0.0673875
R1@10 507.781,0.5446,0.0544614
R1@16 507.635,0.5522,0.0345125
R1@32 507.293,0.5603,0.0175094
R1@64 497.481,0.5642,0.00881562
R1@100 398.98,0.5654,0.00565365
R1@128 453.463,0.566,0.00442187
R1@1 673.111,0.3288,0.3288
R1@2 668.306,0.4568,0.2284
R1@4 776.567,0.5169,0.129225
R1@8 774.376,0.5396,0.06745
R1@10 873.536,0.545,0.0545014
R1@16 1073.31,0.5526,0.0345375
R1@32 978.993,0.5612,0.0175375
R1@64 906.399,0.5652,0.00883125
R1@100 839.836,0.5664,0.00566365
R1@128 1045.31,0.567,0.00442969
R1@1 1426.16,0.3289,0.3289
R1@2 1448.68,0.4571,0.22855
R1@4 1906.93,0.5169,0.129225
R1@8 2006.64,0.54,0.0675
R1@10 1473.97,0.545,0.0545014
R1@16 1692.78,0.5521,0.0345063
R1@32 1900.88,0.5614,0.0175437
R1@64 1945.15,0.5654,0.00883438
R1@100 1789.45,0.5666,0.00566565
R1@128 1752.23,0.5672,0.00443125
R1@1 109.113,0.325,0.325
R1@2 111.856,0.4509,0.22545
R1@4 109.527,0.5087,0.127175
R1@8 108.761,0.5308,0.06635
R1@10 105.184,0.5353,0.0535316
R1@16 108.949,0.5419,0.0338687
R1@32 114.172,0.5523,0.0172594
R1@64 108.53,0.5563,0.00869219
R1@100 115.161,0.5574,0.00557367
R1@128 110.106,0.5579,0.00435859
R1@1 174.34,0.3281,0.3281
R1@2 176.14,0.4551,0.22755
R1@4 170.429,0.5128,0.1282
R1@8 177.523,0.5352,0.0669
R1@10 187.032,0.5402,0.0540215
R1@16 167.394,0.5472,0.0342
R1@32 177.65,0.5572,0.0174125
R1@64 172.094,0.5614,0.00877187
R1@100 175.664,0.5625,0.00562466
R1@128 161.594,0.5634,0.00440156
R1@1 242.685,0.3289,0.3289
R1@2 206.368,0.4567,0.22835
R1@4 201.734,0.5147,0.128675
R1@8 207.291,0.5373,0.0671625
R1@10 206.602,0.542,0.0542015
R1@16 213.878,0.5498,0.0343625
R1@32 210.08,0.5601,0.0175031
R1@64 208.968,0.5641,0.00881406
R1@100 207.32,0.5651,0.00565065
R1@128 217.938,0.5657,0.00441953
R1@1 398.805,0.3294,0.3294
R1@2 426.143,0.4571,0.22855
R1@4 426.911,0.5155,0.128875
R1@8 433.828,0.5382,0.067275
R1@10 429.691,0.5429,0.0542914
R1@16 431.039,0.5507,0.0344188
R1@32 435.378,0.5609,0.0175281
R1@64 439.811,0.565,0.00882812
R1@100 321.954,0.5661,0.00566065
R1@128 353.319,0.5667,0.00442734
R1@1 555.008,0.3293,0.3293
R1@2 531.09,0.4573,0.22865
R1@4 556.084,0.516,0.129
R1@8 642.906,0.5391,0.0673875
R1@10 655.35,0.5435,0.0543514
R1@16 629.421,0.5511,0.0344438
R1@32 978.95,0.5614,0.0175437
R1@64 927.516,0.5655,0.00883594
R1@100 828.979,0.5666,0.00566565
R1@128 786.63,0.5672,0.00443125
R1@1 170.879,0.3049,0.3049
R1@2 170.907,0.4235,0.21175
R1@4 167.325,0.4788,0.1197
R1@8 173.202,0.4995,0.0624375
R1@10 182.342,0.5037,0.0503722
R1@16 180.323,0.5093,0.0318312
R1@32 174.866,0.5153,0.0161031
R1@64 166.96,0.5189,0.00810781
R1@100 166.396,0.5201,0.00520073
R1@128 174.281,0.5207,0.00406797
R1@1 278.132,0.3144,0.3144
R1@2 268.598,0.4386,0.2193
R1@4 274.187,0.4962,0.12405
R1@8 256.76,0.5186,0.064825
R1@10 245.624,0.5233,0.0523319
R1@16 222.534,0.5302,0.0331375
R1@32 211.879,0.538,0.0168125
R1@64 217.109,0.5419,0.00846719
R1@100 212.662,0.5431,0.00543069
R1@128 225.551,0.5437,0.00424766
R1@1 325.281,0.3194,0.3194
R1@2 320.36,0.4457,0.22285
R1@4 342.055,0.5041,0.126025
R1@8 420.539,0.5279,0.0659875
R1@10 442.431,0.5327,0.0532717
R1@16 453.032,0.54,0.03375
R1@32 448.586,0.5485,0.0171406
R1@64 454.441,0.5525,0.00863281
R1@100 454.197,0.554,0.00553967
R1@128 454.558,0.5545,0.00433203
R1@1 558.705,0.3239,0.3239
R1@2 558.204,0.4504,0.2252
R1@4 551.461,0.5097,0.127425
R1@8 557.842,0.5344,0.0668
R1@10 617.105,0.5393,0.0539315
R1@16 661.862,0.5467,0.0341688
R1@32 643.272,0.5555,0.0173594
R1@64 821.644,0.5595,0.00874219
R1@100 960.116,0.5609,0.00560866
R1@128 863.281,0.5616,0.0043875
R1@1 1125.7,0.3255,0.3255
R1@2 1100.56,0.4528,0.2264
R1@4 1267.54,0.5123,0.128075
R1@8 1183.64,0.5371,0.0671375
R1@10 1144.44,0.5421,0.0542115
R1@16 1474.48,0.5496,0.03435
R1@32 1671.91,0.5582,0.0174438
R1@64 1376.37,0.5625,0.00878906
R1@100 1155.24,0.5635,0.00563465
R1@128 1480.65,0.5641,0.00440703
R1@1 2229.39,0.3273,0.3273
R1@2 2212.88,0.455,0.2275
R1@4 2058.08,0.5143,0.128575
R1@8 2001.79,0.5393,0.0674125
R1@10 1991.54,0.5443,0.0544314
R1@16 1883.08,0.5515,0.0344688
R1@32 2006.74,0.5604,0.0175125
R1@64 1964.69,0.5644,0.00881875
R1@100 1436.13,0.5656,0.00565565
R1@128 1000.26,0.5662,0.00442344
R1@1 1320.16,0.3275,0.3275
R1@2 1411.71,0.4555,0.22775
R1@1 44.7193,0.2863,0.2863
R1@2 44.9262,0.3936,0.1968
R1@4 46.0689,0.4445,0.111125
R1@8 44.8519,0.4617,0.0577125
R1@10 47.1141,0.465,0.0465019
R1@16 45.3343,0.4699,0.0293688
R1@32 44.9366,0.474,0.0148125
R1@64 43.2436,0.478,0.00746875
R1@100 49.5734,0.479,0.0047898
R1@128 51.7525,0.4803,0.00375234
R1@1 77.8288,0.3028,0.3028
R1@2 78.1953,0.4174,0.2087
R1@4 84.425,0.4707,0.117675
R1@8 78.1845,0.4903,0.0612875
R1@10 80.7203,0.4943,0.0494321
R1@16 84.994,0.4993,0.0312063
R1@32 80.3002,0.5047,0.0157719
R1@64 76.4764,0.5076,0.00793125
R1@100 86.1509,0.5091,0.00509075
R1@128 80.324,0.5103,0.00398672
R1@1 127.825,0.3148,0.3148
R1@2 126.218,0.4347,0.21735
R1@4 125.523,0.4907,0.122675
R1@8 124.952,0.5114,0.063925
R1@10 126.016,0.5161,0.0516121
R1@16 123.079,0.5223,0.0326438
R1@32 122.733,0.5281,0.0165031
R1@64 124.164,0.5315,0.00830469
R1@100 127.491,0.5327,0.00532671
R1@128 122.362,0.5334,0.00416719
R1@1 184.136,0.3209,0.3209
R1@2 169.747,0.4444,0.2222
R1@4 166.67,0.5017,0.125425
R1@8 156.524,0.5238,0.065475
R1@10 147.874,0.5287,0.0528718
R1@16 144.222,0.536,0.0335
R1@32 147.489,0.5428,0.0169625
R1@64 146.706,0.5464,0.0085375
R1@100 156.851,0.5478,0.00547768
R1@128 153.866,0.5482,0.00428281
R1@1 251.659,0.324,0.324
R1@2 227.811,0.4495,0.22475
R1@4 231.51,0.5075,0.126875
R1@8 265.511,0.5302,0.066275
R1@10 291.287,0.5354,0.0535416
R1@16 305.99,0.5422,0.0338875
R1@32 305.316,0.5503,0.0171969
R1@64 308.264,0.5541,0.00865781
R1@100 313.884,0.5553,0.00555267
R1@128 312.688,0.556,0.00434375
R1@1 466.227,0.3252,0.3252
R1@2 460.269,0.4512,0.2256
R1@4 466.787,0.5101,0.127525
R1@8 375.59,0.5329,0.0666125
R1@10 408.395,0.5378,0.0537816
R1@16 389.625,0.5457,0.0341063
R1@32 396.242,0.5544,0.017325
R1@64 386.874,0.5581,0.00872031
R1@100 401.399,0.5592,0.00559166
R1@128 454.487,0.5598,0.00437344
R1@1 659.372,0.3263,0.3263
R1@2 643.957,0.4527,0.22635
R1@4 839.939,0.5121,0.128025
R1@8 996.307,0.5353,0.0669125
R1@10 872.416,0.5401,0.0540115
R1@16 816.4,0.5479,0.0342438
R1@32 765.359,0.557,0.0174062
R1@64 916.291,0.5606,0.00875937
R1@100 889.668,0.5618,0.00561766
R1@128 808.232,0.5623,0.00439297
R1@1 1194.17,0.3276,0.3276
R1@2 1332.6,0.4545,0.22725
R1@4 1650.55,0.514,0.1285
R1@8 1539.43,0.5375,0.0671875
R1@10 1145.46,0.5422,0.0542215
R1@16 1281.99,0.5501,0.0343813
R1@32 1577.54,0.5594,0.0174813
R1@64 1542.59,0.563,0.00879688
R1@100 1529.35,0.5642,0.00564165
R1@128 1477.7,0.5648,0.0044125
R1@1 11.9006,0.2728,0.2728
R1@2 14.323,0.3773,0.18865
R1@4 15.4542,0.4252,0.1063
R1@8 13.7573,0.4385,0.0548125
R1@10 16.6086,0.4417,0.0441718
R1@16 15.3267,0.4469,0.0279313
R1@32 15.3132,0.4516,0.0141125
R1@64 15.2194,0.4547,0.00710469
R1@100 16.7753,0.4573,0.00457283
R1@128 14.8838,0.4581,0.00357891
R1@1 23.9105,0.29,0.29
R1@2 27.261,0.3998,0.1999
R1@4 28.6327,0.4499,0.112475
R1@8 27.3426,0.4667,0.0583375
R1@10 25.4341,0.4703,0.047032
R1@16 30.1843,0.4757,0.0297312
R1@32 26.372,0.4819,0.0150594
R1@64 26.6575,0.4852,0.00758125
R1@100 26.7884,0.4871,0.00487078
R1@128 26.9111,0.4876,0.00380937
R1@1 42.3237,0.3029,0.3029
R1@2 38.6575,0.4182,0.2091
R1@4 45.3593,0.4713,0.117825
R1@8 45.0939,0.4914,0.061425
R1@10 45.5592,0.495,0.0495021
R1@16 36.8751,0.5013,0.0313312
R1@32 44.9685,0.5067,0.0158344
R1@64 39.5538,0.5111,0.00798594
R1@100 39.4976,0.5126,0.00512574
R1@128 37.5686,0.5137,0.00401328
R1@1 70.2417,0.312,0.312
R1@2 68.3929,0.4314,0.2157
R1@4 64.2652,0.4849,0.121225
R1@8 64.634,0.5078,0.063475
R1@10 68.4211,0.5123,0.0512322
R1@16 65.1346,0.5192,0.03245
R1@32 69.1551,0.5251,0.0164094
R1@64 63.3147,0.5294,0.00827187
R1@100 64.8357,0.5306,0.00530571
R1@128 61.3098,0.5318,0.00415469
R1@1 103.547,0.3177,0.3177
R1@2 103.901,0.4411,0.22055
R1@4 102.782,0.4973,0.124325
R1@8 110.347,0.521,0.065125
R1@10 101.829,0.5254,0.0525419
R1@16 95.0529,0.5326,0.0332875
R1@32 98.7838,0.5394,0.0168562
R1@64 105.216,0.5435,0.00849219
R1@100 100.798,0.5444,0.00544369
R1@128 101.565,0.5449,0.00425703
R1@1 162.76,0.3228,0.3228
R1@2 143.808,0.448,0.224
R1@4 145.046,0.5052,0.1263
R1@8 145.799,0.5299,0.0662375
R1@10 131.992,0.5348,0.0534816
R1@16 137.59,0.542,0.033875
R1@32 135.988,0.5494,0.0171687
R1@64 137.273,0.5533,0.00864531
R1@100 134.635,0.5545,0.00554467
R1@128 135.748,0.5551,0.00433672
R1@1 216.445,0.3246,0.3246
R1@2 211.152,0.4515,0.22575
R1@4 196.89,0.5095,0.127375
R1@8 199.295,0.5343,0.0667875
R1@10 214.766,0.5395,0.0539515
R1@16 231.328,0.5474,0.0342125
R1@32 253.215,0.5547,0.0173344
R1@64 260.404,0.5586,0.00872813
R1@100 258.198,0.5597,0.00559666
R1@128 263.614,0.5605,0.00437891
R1@1 390.448,0.3256,0.3256
R1@2 391.436,0.4534,0.2267
R1@4 386.927,0.5117,0.127925
R1@8 390.947,0.537,0.067125
R1@10 395.76,0.5421,0.0542115
R1@16 353.623,0.5497,0.0343563
R1@32 298.639,0.5577,0.0174281
R1@64 357.048,0.5617,0.00877656
R1@100 353.688,0.5627,0.00562666
R1@128 337.698,0.5633,0.00440078
R1@1 62.1945,0.3092,0.3092
R1@2 62.8945,0.4298,0.2149
R1@4 65.3461,0.484,0.121
R1@8 70.4403,0.5044,0.06305
R1@10 63.7523,0.5081,0.0508122
R1@16 61.8515,0.5157,0.0322312
R1@32 64.1587,0.5213,0.0162906
R1@64 63.5311,0.5251,0.00820469
R1@100 61.8738,0.5265,0.00526472
R1@128 64.7672,0.5274,0.00412031
R1@1 110.074,0.3184,0.3184
R1@2 108.197,0.4431,0.22155
R1@4 110.068,0.4998,0.12495
R1@8 106.865,0.5216,0.0652
R1@10 111.871,0.526,0.0526019
R1@16 107.638,0.5341,0.0333812
R1@32 106.071,0.5399,0.0168719
R1@64 107.411,0.5439,0.00849844
R1@100 103.927,0.5451,0.00545069
R1@128 113.672,0.5458,0.00426406
R1@1 175.43,0.3211,0.3211
R1@2 176.602,0.449,0.2245
R1@4 167.675,0.5063,0.126575
R1@8 170.627,0.5294,0.066175
R1@10 168.608,0.5347,0.0534717
R1@16 160.294,0.5417,0.0338563
R1@32 162.652,0.5496,0.017175
R1@64 149.01,0.5533,0.00864531
R1@100 138.606,0.5545,0.00554467
R1@128 134.722,0.5551,0.00433672
R1@1 206.649,0.3243,0.3243
R1@2 208.862,0.4529,0.22645
R1@4 201.789,0.5109,0.127725
R1@8 209.418,0.5347,0.0668375
R1@10 209.578,0.5399,0.0539915
R1@16 203.186,0.5473,0.0342062
R1@32 205.068,0.5559,0.0173719
R1@64 203.843,0.5595,0.00874219
R1@100 232.142,0.5607,0.00560666
R1@128 275.317,0.5613,0.00438516
R1@1 425.367,0.3255,0.3255
R1@2 428.777,0.4536,0.2268
R1@4 429.97,0.5121,0.128025
R1@8 435.423,0.5361,0.0670125
R1@10 428.844,0.5419,0.0541915
R1@16 436.883,0.5491,0.0343187
R1@32 418.679,0.5579,0.0174344
R1@64 315.035,0.5616,0.008775
R1@100 371.034,0.5627,0.00562666
R1@128 365.009,0.5633,0.00440078
R1@1 529.551,0.327,0.327
R1@2 533.251,0.4555,0.22775
R1@4 625.565,0.5139,0.128475
R1@8 647.695,0.538,0.06725
R1@10 629,0.5433,0.0543314
R1@16 893.504,0.5508,0.034425
R1@32 970.375,0.56,0.0175
R1@64 842.213,0.5637,0.00880781
R1@100 802.781,0.5648,0.00564765
R1@128 697.597,0.5654,0.00441719
R1@1 1303.21,0.3279,0.3279
R1@2 1207.3,0.4568,0.2284
R1@4 1252.17,0.5154,0.12885
R1@8 1357.64,0.5395,0.0674375
R1@10 1732.07,0.5448,0.0544814
R1@16 1521.52,0.5524,0.034525
R1@32 1187.5,0.5613,0.0175406
R1@64 1315.53,0.5653,0.00883281
R1@100 1602,0.5664,0.00566365
R1@128 1596.58,0.567,0.00442969
R1@1 64.3966,0.3019,0.3019
R1@2 76.7715,0.4163,0.20815
R1@4 70.5353,0.4717,0.117925
R1@8 69.7124,0.4907,0.0613375
R1@10 71.235,0.4954,0.0495421
R1@16 72.6829,0.5021,0.0313812
R1@32 67.6949,0.5088,0.0159
R1@64 72.6378,0.5124,0.00800625
R1@100 68.1824,0.514,0.00513974
R1@128 70.4587,0.5144,0.00401875
R1@1 107.013,0.3138,0.3138
R1@2 112.187,0.4323,0.21615
R1@4 111.81,0.4885,0.122125
R1@8 116.795,0.5088,0.0636
R1@10 108.42,0.5144,0.0514421
R1@16 114.814,0.5203,0.0325187
R1@32 115.517,0.5275,0.0164844
R1@64 117.667,0.5317,0.00830781
R1@100 114.454,0.5336,0.00533571
R1@128 113.811,0.5342,0.00417344
R1@1 177.031,0.32,0.32
R1@2 169.794,0.442,0.221
R1@4 180.276,0.4995,0.124875
R1@8 171.193,0.5215,0.0651875
R1@10 168.459,0.5274,0.0527418
R1@16 159.029,0.5336,0.03335
R1@32 155.368,0.5413,0.0169156
R1@64 143.446,0.5452,0.00851875
R1@100 135.951,0.5466,0.00546568
R1@128 134.236,0.547,0.00427344
R1@1 204.609,0.3239,0.3239
R1@2 204.426,0.4484,0.2242
R1@4 201.68,0.5065,0.126625
R1@8 231.164,0.5296,0.0662
R1@10 198.585,0.5357,0.0535716
R1@16 199.811,0.5423,0.0338937
R1@32 206.996,0.5504,0.0172
R1@64 191.941,0.554,0.00865625
R1@100 259.037,0.5555,0.00555467
R1@128 268.262,0.5558,0.00434219
R1@1 399.293,0.3255,0.3255
R1@2 411.744,0.4523,0.22615
R1@4 403.05,0.5108,0.1277
R1@8 410.277,0.5346,0.066825
R1@10 406.768,0.5407,0.0540715
R1@16 410.264,0.5475,0.0342188
R1@32 404.625,0.5558,0.0173688
R1@64 292.123,0.5596,0.00874375
R1@100 332.299,0.5608,0.00560766
R1@128 340.3,0.5612,0.00438438
R1@1 458.586,0.3278,0.3278
R1@2 454.011,0.4555,0.22775
R1@4 490.154,0.5143,0.128575
R1@8 564.056,0.5382,0.067275
R1@10 560.806,0.5443,0.0544314
R1@16 548.565,0.5513,0.0344562
R1@32 767.904,0.5599,0.0174969
R1@64 866.68,0.5638,0.00880937
R1@100 795.547,0.565,0.00564965
R1@128 713.536,0.5654,0.00441719
R1@1 961.19,0.3281,0.3281
R1@2 1091.95,0.4565,0.22825
R1@4 1026.28,0.5155,0.128875
R1@8 1017.52,0.5395,0.0674375
R1@10 1060.56,0.5458,0.0545814
R1@16 1288.83,0.5529,0.0345563
R1@32 1492.42,0.5614,0.0175437
R1@64 1305.56,0.5654,0.00883438
R1@100 1048.8,0.5665,0.00566465
R1@128 1066.72,0.567,0.00442969
R1@1 20.3715,0.2985,0.2985
R1@2 23.426,0.4128,0.2064
R1@4 20.3726,0.4649,0.116225
R1@8 20.8148,0.4812,0.06015
R1@10 21.0482,0.4849,0.048492
R1@16 19.7456,0.4913,0.0307062
R1@32 20.3867,0.4972,0.0155375
R1@64 21.4054,0.5005,0.00782031
R1@100 19.866,0.5021,0.00502076
R1@128 21.507,0.503,0.00392969
R1@1 34.241,0.3082,0.3082
R1@2 36.9075,0.4279,0.21395
R1@4 42.1665,0.4826,0.12065
R1@8 43.7368,0.5008,0.0626
R1@10 38.1245,0.5055,0.0505522
R1@16 39.2634,0.5115,0.0319688
R1@32 37.0145,0.519,0.0162187
R1@64 38.5195,0.5228,0.00816875
R1@100 34.3693,0.5242,0.00524172
R1@128 38.3682,0.5251,0.00410234
R1@1 63.7954,0.3182,0.3182
R1@2 59.881,0.4417,0.22085
R1@4 59.0201,0.4967,0.124175
R1@8 57.1322,0.5173,0.0646625
R1@10 58.2073,0.5227,0.0522719
R1@16 66.2964,0.529,0.0330625
R1@32 62.8181,0.5363,0.0167594
R1@64 58.744,0.54,0.0084375
R1@100 60.2536,0.5415,0.00541469
R1@128 63.1492,0.542,0.00423437
R1@1 98.3369,0.324,0.324
R1@2 96.305,0.4513,0.22565
R1@4 100.03,0.5079,0.126975
R1@8 96.8349,0.5298,0.066225
R1@10 96.5167,0.5354,0.0535416
R1@16 94.7939,0.5414,0.0338375
R1@32 96.9897,0.549,0.0171563
R1@64 93.9947,0.553,0.00864062
R1@100 90.6269,0.5539,0.00553867
R1@128 86.4883,0.5551,0.00433672
R1@1 136.555,0.3262,0.3262
R1@2 140.253,0.455,0.2275
R1@4 138.641,0.5125,0.128125
R1@8 134.253,0.5355,0.0669375
R1@10 125.529,0.5406,0.0540615
R1@16 130.743,0.5464,0.03415
R1@32 124.71,0.5542,0.0173187
R1@64 115.032,0.5582,0.00872188
R1@100 108.598,0.5596,0.00559566
R1@128 106.697,0.5607,0.00438047
R1@1 184.91,0.3276,0.3276
R1@2 178.41,0.4567,0.22835
R1@4 177.021,0.5154,0.12885
R1@8 189.202,0.5384,0.0673
R1@10 182.162,0.5437,0.0543714
R1@16 173.056,0.55,0.034375
R1@32 176.244,0.5577,0.0174281
R1@64 187.807,0.5615,0.00877344
R1@100 199.413,0.5629,0.00562866
R1@128 214.272,0.5639,0.00440547
R1@1 345.904,0.3292,0.3292
R1@2 343.308,0.4583,0.22915
R1@4 344.334,0.5175,0.129375
R1@8 350.478,0.5412,0.06765
R1@10 352.002,0.5466,0.0546614
R1@16 349.073,0.5528,0.03455
R1@32 331.913,0.5607,0.0175219
R1@64 352.538,0.5645,0.00882031
R1@100 354.112,0.5657,0.00565665
R1@128 268.051,0.5666,0.00442656
R1@1 178.974,0.3238,0.3238
R1@2 181.34,0.4488,0.2244
R1@4 181.911,0.5058,0.12645
R1@8 178.989,0.5281,0.0660125
R1@10 173.303,0.5325,0.0532517
R1@16 160.771,0.5406,0.0337875
R1@32 165.549,0.5497,0.0171781
R1@64 168.451,0.5532,0.00864375
R1@100 165.363,0.5543,0.00554267
R1@128 163.791,0.5551,0.00433672
R1@1 264.172,0.3272,0.3272
R1@2 262.568,0.4537,0.22685
R1@4 285.626,0.5109,0.127725
R1@8 255.324,0.534,0.06675
R1@10 249.515,0.5387,0.0538715
R1@16 222.002,0.5473,0.0342062
R1@32 213.06,0.5563,0.0173844
R1@64 211.362,0.5603,0.00875469
R1@100 211.182,0.5613,0.00561266
R1@128 222.356,0.5619,0.00438984
R1@1 349.653,0.3283,0.3283
R1@2 331.288,0.4557,0.22785
R1@4 321.342,0.5141,0.128525
R1@8 288.223,0.5371,0.0671375
R1@10 277.773,0.5419,0.0541915
R1@16 295.527,0.5508,0.034425
R1@32 455.44,0.5599,0.0174969
R1@64 452.294,0.5638,0.00880937
R1@100 449.749,0.5649,0.00564865
R1@128 446.103,0.5655,0.00441797
R1@1 683.154,0.3281,0.3281
R1@2 515.436,0.4556,0.2278
R1@4 561.726,0.5143,0.128575
R1@8 547.162,0.5376,0.0672
R1@10 579.583,0.5423,0.0542315
R1@16 642.075,0.5512,0.03445
R1@32 646.325,0.5605,0.0175156
R1@64 614.017,0.5644,0.00881875
R1@100 962.083,0.5656,0.00565565
R1@128 973.337,0.5662,0.00442344
R1@1 1257.32,0.3285,0.3285
R1@2 1162.1,0.4562,0.2281
R1@4 1408.97,0.5147,0.128675
R1@8 1361.8,0.5384,0.0673
R1@10 1309.72,0.543,0.0543014
R1@16 1584.99,0.5519,0.0344938
R1@32 1758.35,0.5612,0.0175375
R1@64 1409.42,0.5651,0.00882969
R1@100 1245.05,0.5663,0.00566265
R1@128 1574.25,0.5669,0.00442891
R1@1 2515.69,0.3289,0.3289
R1@2 2362.36,0.4565,0.22825
R1@4 2197.22,0.5151,0.128775
R1@8 2170.13,0.539,0.067375
R1@10 2147.52,0.5436,0.0543614
R1@16 2178.72,0.5524,0.034525
R1@32 2174.5,0.5618,0.0175563
R1@64 1553.92,0.5657,0.00883906
R1@100 1128.18,0.5669,0.00566865
R1@128 1175.7,0.5675,0.00443359
R1@1 135.007,0.3199,0.3199
R1@2 136.231,0.4444,0.2222
R1@4 126.267,0.5002,0.12505
R1@8 128.82,0.5225,0.0653125
R1@10 128.475,0.5268,0.0526818
R1@16 132.764,0.533,0.0333125
R1@32 130.045,0.5416,0.016925
R1@64 126.929,0.5456,0.008525
R1@100 133.642,0.547,0.00546968
R1@128 125.493,0.5475,0.00427734
R1@1 212.907,0.3236,0.3236
R1@2 204.993,0.4509,0.22545
R1@4 223.652,0.5079,0.126975
R1@8 218.523,0.5308,0.06635
R1@10 207.564,0.5356,0.0535616
R1@16 201.684,0.5426,0.0339125
R1@32 191.274,0.5525,0.0172656
R1@64 182.478,0.5566,0.00869687
R1@100 177.792,0.5575,0.00557467
R1@128 157.274,0.5585,0.00436328
R1@1 249.877,0.3256,0.3256
R1@2 255.426,0.4549,0.22745
R1@4 245.006,0.5124,0.1281
R1@8 283.386,0.5357,0.0669625
R1@10 252.557,0.5405,0.0540515
R1@16 261.463,0.5478,0.0342375
R1@32 282.688,0.5582,0.0174438
R1@64 337.879,0.5622,0.00878438
R1@100 347.293,0.5632,0.00563166
R1@128 325.525,0.5638,0.00440469
R1@1 544.402,0.3264,0.3264
R1@2 533.737,0.4565,0.22825
R1@4 531.707,0.5139,0.128475
R1@8 542.395,0.5376,0.0672
R1@10 434.83,0.5422,0.0542215
R1@16 471.659,0.5492,0.034325
R1@32 467.594,0.5603,0.0175094
R1@64 458.196,0.5641,0.00881406
R1@100 460.286,0.5652,0.00565165
R1@128 513.284,0.5658,0.00442031
R1@1 808.211,0.3266,0.3266
R1@2 790.898,0.4564,0.2282
R1@4 1230.79,0.5146,0.12865
R1@8 1135.63,0.5382,0.067275
R1@10 1006.92,0.5428,0.0542815
R1@16 931.411,0.5499,0.0343687
R1@32 1149.29,0.5612,0.0175375
R1@64 997.717,0.565,0.00882812
R1@100 996.332,0.5661,0.00566065
R1@128 1047.13,0.5667,0.00442734
R1@1 1945.78,0.3268,0.3268
R1@2 1893.47,0.4568,0.2284
R1@4 1451.77,0.5152,0.1288
R1@8 1724.4,0.5387,0.0673375
R1@10 1957.02,0.5434,0.0543414
R1@16 1984.22,0.5505,0.0344062
R1@32 1841.43,0.5618,0.0175563
R1@64 1764.26,0.5656,0.0088375
R1@100 1739.15,0.5667,0.00566665
R1@128 1701.04,0.5673,0.00443203
R1@1 91.9014,0.3187,0.3187
R1@2 87.189,0.44,0.22
R1@4 86.697,0.4958,0.12395
R1@8 86.6565,0.5167,0.0645875
R1@10 88.7066,0.5211,0.052112
R1@16 86.6782,0.5282,0.0330125
R1@32 85.4057,0.5352,0.016725
R1@64 88.4613,0.5392,0.008425
R1@100 85.3038,0.5403,0.00540269
R1@128 89.9804,0.5412,0.00422812
R1@1 127.966,0.3229,0.3229
R1@2 136.089,0.4478,0.2239
R1@4 125.741,0.505,0.12625
R1@8 127.033,0.527,0.065875
R1@10 127.957,0.532,0.0532017
R1@16 124.189,0.5387,0.0336687
R1@32 120.793,0.5471,0.0170969
R1@64 121.338,0.5508,0.00860625
R1@100 118.271,0.5521,0.00552067
R1@128 116.293,0.5526,0.00431719
R1@1 180.108,0.3257,0.3257
R1@2 195.695,0.4532,0.2266
R1@4 177.53,0.5098,0.12745
R1@8 164.654,0.5328,0.0666
R1@10 164.358,0.5376,0.0537616
R1@16 157.079,0.5445,0.0340312
R1@32 143.225,0.5543,0.0173219
R1@64 142.762,0.5579,0.00871719
R1@100 152.892,0.5592,0.00559166
R1@128 141.887,0.5597,0.00437266
R1@1 217.231,0.327,0.327
R1@2 239.643,0.4544,0.2272
R1@4 215.916,0.5121,0.128025
R1@8 214.92,0.5353,0.0669125
R1@10 219.447,0.54,0.0540015
R1@16 242.281,0.5478,0.0342375
R1@32 269.772,0.5574,0.0174187
R1@64 277.508,0.561,0.00876562
R1@100 277.355,0.5622,0.00562166
R1@128 282.522,0.5629,0.00439766
R1@1 412.325,0.3278,0.3278
R1@2 412.946,0.4556,0.2278
R1@4 409.017,0.5134,0.12835
R1@8 409.278,0.5371,0.0671375
R1@10 417.829,0.542,0.0542015
R1@16 335.252,0.55,0.034375
R1@32 326.083,0.5592,0.017475
R1@64 351.585,0.563,0.00879688
R1@100 349.598,0.5643,0.00564265
R1@128 339.353,0.5649,0.00441328
R1@1 502.218,0.3288,0.3288
R1@2 539.488,0.4564,0.2282
R1@4 590.758,0.5142,0.12855
R1@8 590.609,0.5378,0.067225
R1@10 605.162,0.5429,0.0542914
R1@16 915.884,0.5507,0.0344188
R1@32 849.428,0.5603,0.0175094
R1@64 744.127,0.5641,0.00881406
R1@100 700.385,0.5654,0.00565365
R1@128 620.362,0.566,0.00442187
