R10@10 1198.41,0.856134,0.856134
R10@16 1132.22,0.875629,0.547269
R10@32 1093.64,0.881369,0.275428
R10@64 1181.36,0.882389,0.137873
R10@100 1130.59,0.882689,0.0882634
R10@128 1049.77,0.883009,0.0689852
R10@10 1504.45,0.867585,0.867585
R10@16 1763.41,0.88737,0.554606
R10@32 1662.06,0.89306,0.279081
R10@64 1493.29,0.89407,0.139698
R10@100 1778.26,0.89424,0.089418
R10@128 2150.94,0.89437,0.0698727
R10@10 2756.5,0.875885,0.875885
R10@16 3333.29,0.895749,0.559844
R10@32 3147.04,0.901429,0.281697
R10@64 3257.29,0.902429,0.141005
R10@100 2878.92,0.902599,0.0902538
R10@128 1350.82,0.902729,0.0705258
R10@10 1770.08,0.882595,0.882595
R10@10 864.815,0.848994,0.848994
R10@16 859.378,0.86831,0.542694
R10@32 781.518,0.87384,0.273075
R10@64 780.429,0.87527,0.136761
R10@100 769.432,0.87564,0.0875586
R10@128 904.507,0.87602,0.0684391
R10@10 1137.34,0.861965,0.861965
R10@16 1162.13,0.88172,0.551075
R10@32 1279.13,0.88711,0.277222
R10@64 1401.68,0.8882,0.138781
R10@100 1457.11,0.8887,0.0888642
R10@128 1274.25,0.8889,0.0694453
R10@10 1571.86,0.871115,0.871115
R10@16 2289.18,0.890859,0.556787
R10@32 2336.35,0.89629,0.280091
R10@64 2496.03,0.89734,0.140209
R10@100 2626.07,0.89764,0.0897579
R10@128 2620.06,0.89782,0.0701422
R10@10 3306.48,0.877785,0.877785
R10@16 2866.9,0.897619,0.561013
R10@32 1424.04,0.90299,0.282184
R10@64 1471.09,0.90405,0.141258
R10@100 1398.73,0.90423,0.0904167
R10@10 699.972,0.832512,0.832512
R10@16 694.874,0.851929,0.532456
R10@32 662.936,0.857149,0.267859
R10@64 636.61,0.858689,0.13417
R10@100 629.845,0.85954,0.0859491
R10@128 619.509,0.86026,0.0672078
R10@10 898.367,0.847594,0.847594
R10@16 810.82,0.867309,0.542069
R10@32 759.255,0.87253,0.272666
R10@64 771.434,0.87386,0.136541
R10@100 849.577,0.87461,0.0874556
R10@128 1023.97,0.87516,0.0683719
R10@10 1252.86,0.858514,0.858514
R10@16 1171.56,0.87824,0.5489
R10@32 1083.42,0.88345,0.276078
R10@64 1033.45,0.88456,0.138213
R10@100 1471.82,0.88503,0.0884973
R10@128 1467.58,0.88539,0.0691711
R10@10 2002.49,0.867735,0.867735
R10@16 2128.47,0.88745,0.554656
R10@32 2186.19,0.89258,0.278931
R10@64 2040.16,0.89363,0.13963
R10@100 1991.56,0.89391,0.089385
R10@128 2046.88,0.89412,0.0698531
R10@10 2652.23,0.875145,0.875145
R10@16 1555.41,0.8948,0.55925
R10@32 1172.5,0.90004,0.281262
R10@64 1176.66,0.901,0.140781
R10@100 1097.63,0.90129,0.0901229
R10@10 225.997,0.674162,0.674162
R10@16 223.245,0.689706,0.431069
R10@32 215.233,0.694746,0.217109
R10@64 217.225,0.696366,0.108808
R10@100 218.788,0.697306,0.0697304
R10@128 223.339,0.697976,0.0545297
R10@10 296.029,0.74329,0.74329
R10@16 278.532,0.760765,0.475481
R10@32 265.358,0.766105,0.239409
R10@64 265.741,0.767655,0.119947
R10@100 259.295,0.768635,0.0768621
R10@128 262.979,0.769415,0.0601109
R10@10 354.125,0.789371,0.789371
R10@16 335.83,0.808007,0.505006
R10@32 317.108,0.813377,0.254181
R10@64 357.79,0.814837,0.127319
R10@100 409.762,0.815727,0.0815698
R10@128 382.911,0.816207,0.0637664
R10@10 489.062,0.819031,0.819031
R10@16 511.982,0.838389,0.523994
R10@32 508.9,0.843699,0.263656
R10@64 527.963,0.844819,0.132003
R10@100 526.765,0.845509,0.0845468
R10@128 524.426,0.845959,0.0660906
R10@10 786.256,0.839553,0.839553
R10@16 771.894,0.859269,0.537044
R10@32 818.64,0.864639,0.2702
R10@64 815.552,0.86568,0.135263
R10@100 780.797,0.86601,0.0865961
R10@128 660.791,0.86621,0.0676727
R10@10 821.094,0.854514,0.854514
R10@16 845.015,0.87446,0.546538
R10@32 1629.72,0.87982,0.274944
R10@64 1266.46,0.88081,0.137627
R10@100 1291.32,0.881,0.0880945
R10@128 1353.49,0.88129,0.0688508
R10@10 1840.18,0.866365,0.866365
R10@16 1809.06,0.88646,0.554038
R10@32 1726.99,0.89188,0.278713
R10@64 1666.4,0.89288,0.139512
R10@100 1748.99,0.89307,0.0893012
R10@128 1754.29,0.8932,0.0697813
R10@10 2210.26,0.875225,0.875225
R10@16 1018.95,0.89538,0.559613
R10@32 1073.82,0.90083,0.281509
R10@64 995.432,0.90182,0.140909
R10@100 1139.07,0.90201,0.0901949
R10@10 196.715,0.670782,0.670782
R10@16 219.196,0.685976,0.428737
R10@32 206.086,0.691346,0.216047
R10@64 207.736,0.692716,0.108237
R10@100 209.452,0.693486,0.0693484
R10@128 203.41,0.693786,0.0542023
R10@10 309.177,0.738771,0.738771
R10@16 302.581,0.755756,0.47235
R10@32 290.683,0.761426,0.237947
R10@64 283.38,0.762806,0.119189
R10@100 279.09,0.763676,0.076366
R10@128 276.752,0.764256,0.0597078
R10@10 394.474,0.78164,0.78164
R10@16 388.931,0.799966,0.499981
R10@32 375.11,0.806066,0.251897
R10@64 424.569,0.807376,0.126153
R10@100 471.989,0.807947,0.0807918
R10@128 419.247,0.808426,0.0631586
R10@10 529.452,0.809222,0.809222
R10@16 498.963,0.828058,0.517537
R10@32 491.932,0.834179,0.260681
R10@64 517.148,0.835669,0.130573
R10@100 538.793,0.836209,0.0836169
R10@128 626.369,0.836699,0.0653672
R10@10 882.132,0.828712,0.828712
R10@16 930.589,0.847679,0.5298
R10@32 927.828,0.85379,0.266809
R10@64 876.479,0.85528,0.133638
R10@100 748.529,0.85565,0.0855603
R10@128 752.378,0.85597,0.0668727
R10@10 1413.32,0.845563,0.845563
R10@16 1518.52,0.864758,0.540475
R10@32 1620.88,0.870589,0.272059
R10@64 1741.51,0.871839,0.136225
R10@100 1641.24,0.872379,0.0872328
R10@128 1672.96,0.872619,0.0681734
R10@10 2254.51,0.857274,0.857274
R10@16 2143.21,0.87667,0.547919
R10@32 2304.56,0.88256,0.2758
R10@64 2092.27,0.88362,0.138066
R10@100 1214.73,0.88388,0.0883824
R10@128 1021.37,0.88415,0.0690742
R10@10 1369.98,0.866335,0.866335
R10@16 1240.8,0.88584,0.55365
R10@10 126.281,0.630954,0.630954
R10@16 149.437,0.644807,0.403006
R10@32 148.62,0.648997,0.202812
R10@64 140.401,0.650877,0.1017
R10@100 140.91,0.651287,0.0651289
R10@128 145.613,0.651607,0.050907
R10@10 200.31,0.703512,0.703512
R10@16 196.165,0.719356,0.4496
R10@32 200.873,0.723897,0.226219
R10@64 201.214,0.725617,0.113378
R10@100 194.868,0.726607,0.0726597
R10@128 191.582,0.726947,0.056793
R10@10 246.564,0.753972,0.753972
R10@16 246.345,0.771237,0.482025
R10@32 247.503,0.776018,0.242506
R10@64 250.811,0.777668,0.121511
R10@100 243.358,0.778498,0.0778475
R10@128 248.311,0.779268,0.0608805
R10@10 322.716,0.788642,0.788642
R10@16 319.563,0.806658,0.504162
R10@32 354.679,0.811668,0.253647
R10@64 404.718,0.813219,0.127066
R10@100 359.525,0.814219,0.0814186
R10@128 346.08,0.814999,0.0636719
R10@10 440.169,0.813992,0.813992
R10@16 457.466,0.832657,0.520413
R10@32 472.105,0.837668,0.261772
R10@64 465.506,0.839108,0.131111
R10@100 495.877,0.839988,0.0839947
R10@128 495.237,0.840638,0.065675
R10@10 729.917,0.833212,0.833212
R10@16 728.954,0.852289,0.532681
R10@32 763.352,0.857199,0.267875
R10@64 755.485,0.858579,0.134153
R10@100 731.567,0.859189,0.0859142
R10@128 623.273,0.859739,0.0671672
R10@10 760.034,0.847944,0.847944
R10@16 804.693,0.867289,0.542056
R10@32 1203.68,0.87214,0.272544
R10@64 1452.97,0.87327,0.136448
R10@100 1510.93,0.87357,0.0873517
R10@128 1458.86,0.87407,0.0682867
R10@10 1626.42,0.858585,0.858585
R10@16 1519.52,0.8782,0.548875
R10@32 1618.28,0.883091,0.275966
R10@64 1648.28,0.884031,0.13813
R10@100 1565.18,0.884351,0.0884294
R10@128 1588.87,0.884551,0.0691055
R10@10 654.14,0.787272,0.787272
R10@16 641.502,0.805308,0.503319
R10@32 619.248,0.811068,0.253459
R10@64 577.678,0.812498,0.126953
R10@100 570.662,0.813358,0.0813326
R10@128 572.356,0.813948,0.0635898
R10@10 730.551,0.816841,0.816841
R10@16 831.649,0.835418,0.522138
R10@32 843.13,0.841298,0.262906
R10@64 861.761,0.842708,0.131673
R10@100 892.111,0.843389,0.0843348
R10@128 960.604,0.843698,0.0659141
R10@10 1276.64,0.837672,0.837672
R10@16 1301.03,0.856768,0.535481
R10@32 1188.78,0.862599,0.269563
R10@64 1061.41,0.863919,0.134988
R10@100 1540.77,0.864369,0.0864321
R10@128 2024.14,0.864689,0.0675539
R10@10 2572.44,0.853194,0.853194
R10@16 2307.79,0.872539,0.545337
R10@32 2170.19,0.87832,0.274475
R10@64 2136.82,0.87947,0.137417
R10@100 2146.74,0.87979,0.0879735
R10@128 2209.39,0.88007,0.0687555
R10@10 2256.42,0.864834,0.864834
R10@16 1193.83,0.8844,0.55275
R10@32 1342.34,0.89016,0.278175
R10@64 1312.92,0.89118,0.139247
R10@10 342.738,0.766432,0.766432
R10@16 318.789,0.784537,0.490337
R10@32 318.36,0.789597,0.24675
R10@64 326.717,0.791067,0.123605
R10@100 321.305,0.791867,0.0791844
R10@128 305.144,0.792397,0.0619062
R10@10 426.28,0.802332,0.802332
R10@16 397.444,0.821438,0.5134
R10@32 395.78,0.826779,0.258369
R10@64 386.065,0.828289,0.12942
R10@100 371.153,0.829089,0.0829053
R10@128 412.215,0.829619,0.0648141
R10@10 585.555,0.825652,0.825652
R10@16 563.731,0.845148,0.528219
R10@32 596.269,0.850409,0.265753
R10@64 595.048,0.851819,0.133097
R10@100 607.889,0.852469,0.0852425
R10@128 623.213,0.852789,0.0666242
R10@10 850.05,0.843764,0.843764
R10@16 908.859,0.863349,0.539594
R10@32 954.252,0.868539,0.271419
R10@64 942.577,0.869829,0.135911
R10@100 856.726,0.87054,0.0870488
R10@128 766.528,0.87087,0.0680367
R10@10 930.72,0.856564,0.856564
R10@16 1292.68,0.87638,0.547737
R10@32 1374.97,0.88169,0.275528
R10@64 1296.2,0.88274,0.137928
R10@100 1363.05,0.88319,0.0883134
R10@128 1588.96,0.88353,0.0690258
R10@10 1920.78,0.866945,0.866945
R10@16 2059.46,0.88696,0.55435
R10@32 1955.17,0.89228,0.278838
R10@64 1929.07,0.89326,0.139572
R10@100 1992.91,0.89352,0.0893461
R10@128 1791.91,0.89377,0.0698258
R10@10 1084.85,0.875306,0.875306
R10@16 1096.53,0.89545,0.559656
R10@32 1083.5,0.90077,0.281491
R10@64 1107.6,0.90175,0.140898
R10@10 423.564,0.755472,0.755472
R10@16 414.602,0.773077,0.483175
R10@32 430.292,0.778558,0.2433
R10@64 411.858,0.780238,0.121913
R10@100 391.653,0.781248,0.0781223
R10@128 376.882,0.781538,0.0610578
R10@10 477.92,0.790573,0.790573
R10@16 480.081,0.809299,0.505813
R10@32 462.389,0.815009,0.254691
R10@64 494.07,0.816669,0.127605
R10@100 564.195,0.817529,0.0817493
R10@128 511.697,0.818069,0.0639117
R10@10 589.063,0.815133,0.815133
R10@16 560.066,0.834109,0.521319
R10@32 581.766,0.8399,0.262469
R10@64 611.69,0.841479,0.131481
R10@100 662.584,0.842159,0.0842116
R10@128 772.313,0.842619,0.0658297
R10@10 957.138,0.832784,0.832784
R10@16 999.273,0.85214,0.532588
R10@32 943.423,0.8578,0.268063
R10@64 798.959,0.85936,0.134275
R10@100 796.893,0.8601,0.086005
R10@128 1045,0.86041,0.0672195
R10@10 1911.88,0.846375,0.846375
R10@16 1956.62,0.86579,0.541119
R10@32 1789.84,0.871411,0.272316
R10@64 1677.61,0.872851,0.136383
R10@100 1747.28,0.873361,0.0873306
R10@128 1647.39,0.873811,0.0682664
R10@10 1948.8,0.857515,0.857515
R10@16 2036.05,0.87713,0.548206
R10@32 1957.33,0.8828,0.275875
R10@64 1532.46,0.88412,0.138144
R10@100 889.74,0.88456,0.0884504
R10@128 933.312,0.88483,0.0691273
R10@10 1241.43,0.866895,0.866895
R10@16 1100.17,0.88673,0.554206
R10@10 667.532,0.826512,0.826512
R10@16 655.377,0.845789,0.528619
R10@32 631.997,0.851539,0.266106
R10@64 600.036,0.852759,0.133244
R10@100 603.639,0.853339,0.0853294
R10@128 589.487,0.853549,0.0666836
R10@10 802.667,0.846833,0.846833
R10@16 785.057,0.866179,0.541363
R10@32 732.563,0.87208,0.272525
R10@64 692.622,0.87317,0.136433
R10@100 752.872,0.87362,0.0873568
R10@128 727.779,0.87401,0.068282
R10@10 1034.86,0.860454,0.860454
R10@16 1230.44,0.880029,0.550019
R10@32 1210.22,0.885979,0.276869
R10@64 1033.82,0.88699,0.138592
R10@100 986.137,0.88727,0.0887213
R10@128 1606.23,0.88744,0.0693313
R10@10 2409.69,0.870274,0.870274
R10@16 2280.92,0.89001,0.556256
R10@32 2103.93,0.89597,0.279991
R10@64 2145.72,0.897,0.140156
R10@100 2150.76,0.89718,0.089712
R10@128 2103.96,0.8973,0.0701016
R10@10 2785.73,0.878695,0.878695
R10@16 1792.35,0.89843,0.561519
R10@32 1233.09,0.9044,0.282625
R10@64 1202.05,0.90543,0.141473
R10@100 1121.42,0.90561,0.0905548
R10@10 647.716,0.810612,0.810612
R10@16 631.349,0.829669,0.518544
R10@32 605.844,0.835699,0.261156
R10@64 597.707,0.837449,0.130852
R10@100 644.629,0.838139,0.0838098
R10@128 637.393,0.838679,0.0655219
R10@10 862.359,0.832933,0.832933
R10@16 831.843,0.852249,0.532656
R10@32 781.295,0.85805,0.268141
R10@64 754.182,0.85953,0.134302
R10@100 829.031,0.86012,0.0860072
R10@128 944.63,0.86055,0.0672305
R10@10 1211.1,0.848633,0.848633
R10@16 1265.49,0.868169,0.542606
R10@32 1148.5,0.87388,0.273088
R10@64 1018.23,0.87507,0.13673
R10@100 1302.61,0.87561,0.0875557
R10@128 1898.45,0.87586,0.0684266
R10@10 1964.07,0.860063,0.860063
R10@16 2268.61,0.879659,0.549788
R10@32 2144.04,0.885389,0.276684
R10@64 2122.94,0.886509,0.138517
R10@100 2021.18,0.886789,0.0886733
R10@128 2161.01,0.886959,0.0692938
R10@10 2541.59,0.870054,0.870054
R10@16 1427.59,0.889569,0.555981
R10@32 1121.29,0.89536,0.2798
R10@64 1040.23,0.89636,0.140056
R10@100 1039.37,0.89656,0.0896499
R10@10 649.05,0.801143,0.801143
R10@16 643.689,0.819779,0.512362
R10@32 627.719,0.825509,0.257972
R10@64 591.005,0.82759,0.129311
R10@100 584.385,0.82842,0.082838
R10@128 575.189,0.82917,0.0647789
R10@10 732.807,0.822592,0.822592
R10@16 819.188,0.841759,0.5261
R10@32 726.899,0.84761,0.264878
R10@64 676.492,0.84924,0.132694
R10@100 703.434,0.85015,0.0850104
R10@128 752.726,0.85063,0.0664555
R10@10 1111.35,0.839353,0.839353
R10@16 1122.82,0.858648,0.536656
R10@32 1147.78,0.864309,0.270097
R10@64 1025.51,0.865929,0.135302
R10@100 940.047,0.866839,0.0866789
R10@128 1141.73,0.867369,0.0677633
R10@10 2238.4,0.852403,0.852403
R10@16 2054.69,0.871829,0.544894
R10@32 2071.07,0.877539,0.274231
R10@64 1940.63,0.878869,0.137323
R10@100 1880.34,0.87952,0.0879465
R10@128 1946.83,0.880169,0.0687633
R10@10 2251.94,0.862784,0.862784
R10@16 2135.05,0.88236,0.551475
R10@32 1781.1,0.88799,0.277497
R10@64 987.592,0.88925,0.138945
R10@100 1028.68,0.88969,0.0889632
R10@128 1075.25,0.89005,0.0695352
R10@10 1168.85,0.871335,0.871335
R1@1 1195.04,0.8647,0.8647
R1@2 1135.12,0.9009,0.45045
R1@4 1088.75,0.9168,0.2292
R1@8 1151.48,0.9225,0.115313
R1@10 1147.44,0.9234,0.0923322
R1@16 1150.8,0.9237,0.0577312
R1@32 1220.46,0.9239,0.0288719
R1@64 1407.58,0.9247,0.0144484
R1@100 1475.62,0.9248,0.00924813
R1@128 1337.55,0.9249,0.00722578
R1@1 1474.37,0.8721,0.8721
R1@2 2758.03,0.9087,0.45435
R1@4 2922.31,0.9243,0.231075
R1@8 2580.75,0.9302,0.116275
R1@10 2496.43,0.9311,0.093102
R1@16 2576.36,0.9314,0.0582125
R1@32 2699.86,0.9316,0.0291125
R1@64 2386.2,0.9324,0.0145687
R1@100 1230.81,0.9325,0.00932515
R1@128 1177.56,0.9325,0.00728516
R1@1 1392.17,0.8766,0.8766
R1@2 1391.2,0.9134,0.4567
R1@1 866.244,0.8619,0.8619
R1@2 858.166,0.8972,0.4486
R1@4 785.027,0.913,0.22825
R1@8 778.746,0.9185,0.114813
R1@10 772.371,0.9194,0.0919323
R1@16 920.553,0.9198,0.0574875
R1@32 920.221,0.9201,0.0287531
R1@64 953.568,0.9213,0.0143953
R1@100 964.709,0.9216,0.00921613
R1@128 1107.32,0.9219,0.00720234
R1@1 1446.71,0.87,0.87
R1@2 1427.49,0.9053,0.45265
R1@4 1214.69,0.9215,0.230375
R1@8 1275.21,0.9267,0.115837
R1@10 2347.82,0.9276,0.0927521
R1@16 2182.21,0.928,0.058
R1@32 2156.13,0.9283,0.0290094
R1@64 2068.56,0.9289,0.0145141
R1@100 1991.12,0.9293,0.00929314
R1@128 1963.03,0.9294,0.00726094
R1@1 2558.71,0.875,0.875
R1@2 2545.39,0.9107,0.45535
R1@4 1308.91,0.9267,0.231675
R1@8 1198.05,0.9318,0.116475
R1@10 1124.62,0.9327,0.0932619
R1@16 1072.21,0.9331,0.0583187
R1@1 697.625,0.8469,0.8469
R1@2 690.858,0.882,0.441
R1@4 653.921,0.8983,0.224575
R1@8 635.426,0.9034,0.112925
R1@10 628.762,0.9043,0.0904226
R1@16 584.855,0.9049,0.0565563
R1@32 683.398,0.9053,0.0282906
R1@64 697.377,0.9062,0.0141594
R1@100 636.785,0.9068,0.0090681
R1@128 601.847,0.9071,0.00708672
R1@1 774.226,0.8575,0.8575
R1@2 851.457,0.8933,0.44665
R1@4 1010.26,0.9095,0.227375
R1@8 1053.07,0.9146,0.114325
R1@10 1051.2,0.9154,0.0915324
R1@16 971.685,0.916,0.05725
R1@32 857.305,0.9164,0.0286375
R1@64 867.682,0.9172,0.0143313
R1@100 1598.48,0.9177,0.00917712
R1@128 1554.56,0.9181,0.00717266
R1@1 1538.05,0.8653,0.8653
R1@2 1705.07,0.9013,0.45065
R1@4 1852.99,0.9171,0.229275
R1@8 1809.81,0.9224,0.1153
R1@10 1692.65,0.9232,0.0923122
R1@16 1776.95,0.9237,0.0577312
R1@32 1702.11,0.924,0.028875
R1@64 1666.17,0.9248,0.01445
R1@100 1677.42,0.9253,0.00925314
R1@128 757.038,0.9254,0.00722969
R1@1 913.527,0.8721,0.8721
R1@2 981.818,0.9079,0.45395
R1@4 880.778,0.9235,0.230875
R1@8 932.43,0.9288,0.1161
R1@1 227.232,0.7324,0.7324
R1@2 221.349,0.7654,0.3827
R1@4 223.225,0.7788,0.1947
R1@8 215.082,0.7848,0.0981
R1@10 216.569,0.7856,0.0785555
R1@16 241.379,0.786,0.049125
R1@32 248.158,0.7864,0.024575
R1@64 239.607,0.7874,0.0123031
R1@100 231.971,0.7884,0.00788384
R1@128 221.153,0.7887,0.00616172
R1@1 296.693,0.7856,0.7856
R1@2 312.783,0.8202,0.4101
R1@4 293.92,0.8341,0.208525
R1@8 301.669,0.8401,0.105012
R1@10 291.859,0.8409,0.0840842
R1@16 280.85,0.8413,0.0525813
R1@32 320.938,0.8418,0.0263062
R1@64 367.469,0.8429,0.0131703
R1@100 323.362,0.8437,0.00843696
R1@128 319.68,0.8441,0.00659453
R1@1 388.573,0.8179,0.8179
R1@2 387.095,0.8532,0.4266
R1@4 363.315,0.8676,0.2169
R1@8 358.491,0.8735,0.109187
R1@10 381.255,0.8743,0.0874234
R1@16 398.948,0.8747,0.0546688
R1@32 418.122,0.8751,0.0273469
R1@64 471.284,0.876,0.0136875
R1@100 501.852,0.8771,0.00877103
R1@128 496.128,0.8771,0.00685234
R1@1 643.499,0.8392,0.8392
R1@2 662.899,0.8749,0.43745
R1@4 636.83,0.8895,0.222375
R1@8 626.446,0.8954,0.111925
R1@10 529.477,0.8962,0.0896128
R1@16 521.314,0.8967,0.0560438
R1@32 527.542,0.897,0.0280313
R1@64 544.893,0.8978,0.0140281
R1@100 1021.63,0.8985,0.00898508
R1@128 988.527,0.8988,0.00702188
R1@1 1311.72,0.8534,0.8534
R1@2 1312.64,0.8892,0.4446
R1@4 1217.95,0.904,0.226
R1@8 1089.55,0.91,0.11375
R1@10 1102.19,0.9108,0.0910725
R1@16 1118.33,0.9112,0.05695
R1@32 1158.92,0.9116,0.0284875
R1@64 1143.05,0.9122,0.0142531
R1@100 1082.43,0.9125,0.00912511
R1@128 1076.75,0.9126,0.00712969
R1@1 1530.72,0.863,0.863
R1@2 1498.52,0.8987,0.44935
R1@4 1350.27,0.9136,0.2284
R1@8 848.438,0.9195,0.114937
R1@10 625.111,0.9203,0.0920222
R1@16 667.269,0.9207,0.0575438
R1@32 604.815,0.9211,0.0287844
R1@64 665.34,0.9217,0.0144016
R1@100 622.512,0.9219,0.00921913
R1@128 651.065,0.9219,0.00720234
R1@1 196.544,0.7266,0.7266
R1@2 221.758,0.7594,0.3797
R1@4 207.074,0.7743,0.193575
R1@8 210.319,0.78,0.0975
R1@10 207.437,0.7809,0.0780856
R1@16 201.876,0.7815,0.0488437
R1@32 207.375,0.782,0.0244375
R1@64 206.711,0.7834,0.0122406
R1@100 200.255,0.784,0.00783983
R1@128 195.561,0.7844,0.00612812
R1@1 282.407,0.7784,0.7784
R1@2 280.019,0.8129,0.40645
R1@4 282.463,0.828,0.207
R1@8 278.157,0.8338,0.104225
R1@10 278.773,0.835,0.0834943
R1@16 273.326,0.8353,0.0522063
R1@32 264.957,0.8358,0.0261187
R1@64 290.818,0.8366,0.0130719
R1@100 317.815,0.8377,0.00837695
R1@128 327.455,0.8381,0.00654766
R1@1 429.162,0.8101,0.8101
R1@2 399.773,0.845,0.4225
R1@4 392.783,0.8604,0.2151
R1@8 375.223,0.8659,0.108237
R1@10 363.9,0.8668,0.0866735
R1@16 393.696,0.8675,0.0542188
R1@32 406.528,0.8682,0.0271313
R1@64 416.582,0.8691,0.0135797
R1@100 484.354,0.8698,0.00869802
R1@128 513.714,0.8699,0.00679609
R1@1 674.543,0.8287,0.8287
R1@2 716.191,0.8641,0.43205
R1@4 719.424,0.8796,0.2199
R1@8 697.576,0.8852,0.11065
R1@10 612.422,0.8861,0.0886031
R1@16 569.815,0.8866,0.0554125
R1@32 565.878,0.8871,0.0277219
R1@64 584.477,0.8882,0.0138781
R1@100 725.36,0.8889,0.00888906
R1@128 816.181,0.8893,0.00694766
R1@1 1371.85,0.8428,0.8428
R1@2 1515.92,0.8783,0.43915
R1@4 1392.01,0.8941,0.223525
R1@8 1270.43,0.8997,0.112462
R1@10 1230.73,0.9006,0.0900527
R1@16 1310.56,0.9009,0.0563063
R1@32 1239.65,0.9013,0.0281656
R1@64 1239.44,0.9022,0.0140969
R1@100 1169.89,0.9025,0.00902509
R1@128 1276.7,0.9029,0.00705391
R1@1 1720.89,0.8561,0.8561
R1@2 1652.54,0.8919,0.44595
R1@4 995.268,0.9076,0.2269
R1@8 736.626,0.9131,0.114138
R1@10 776.343,0.9141,0.0914024
R1@16 709.096,0.9144,0.05715
R1@32 728.174,0.9147,0.0285844
R1@64 812.883,0.9155,0.0143047
R1@1 127.767,0.7008,0.7008
R1@2 150.258,0.731,0.3655
R1@4 148.682,0.7433,0.185825
R1@8 140.922,0.7477,0.0934625
R1@10 141.952,0.7486,0.0748564
R1@16 144.823,0.749,0.0468125
R1@32 141.861,0.7498,0.0234313
R1@64 143.231,0.7512,0.0117375
R1@100 141.5,0.7516,0.00751576
R1@128 144.371,0.7517,0.00587266
R1@1 199.451,0.7563,0.7563
R1@2 197.367,0.788,0.394
R1@4 196.57,0.8016,0.2004
R1@8 182.954,0.8062,0.100775
R1@10 184.024,0.8073,0.080725
R1@16 180.033,0.8078,0.0504875
R1@32 181.511,0.8085,0.0252656
R1@64 182.402,0.8099,0.0126547
R1@100 184.302,0.8104,0.00810389
R1@128 179.668,0.8104,0.00633125
R1@1 251.133,0.7934,0.7934
R1@2 237.102,0.8269,0.41345
R1@4 232.318,0.8408,0.2102
R1@8 251.528,0.8457,0.105713
R1@10 266.784,0.8468,0.084674
R1@16 310.624,0.8473,0.0529562
R1@32 274.24,0.848,0.0265
R1@64 268.455,0.8496,0.013275
R1@100 252.171,0.8501,0.00850097
R1@128 247.207,0.8505,0.00664453
R1@1 329.513,0.8224,0.8224
R1@2 311.156,0.8561,0.42805
R1@4 305.304,0.8707,0.217675
R1@8 325.899,0.8758,0.109475
R1@10 325.439,0.8768,0.0876733
R1@16 383.338,0.8773,0.0548313
R1@32 346.961,0.878,0.0274375
R1@64 417.523,0.8796,0.0137437
R1@100 439.611,0.8803,0.00880304
R1@128 415.966,0.8809,0.00688203
R1@1 585.916,0.8381,0.8381
R1@2 597.775,0.8723,0.43615
R1@4 594.377,0.8867,0.221675
R1@8 575.937,0.8919,0.111488
R1@10 531.253,0.8929,0.0892829
R1@16 473.063,0.8933,0.0558312
R1@32 474.763,0.8938,0.0279313
R1@64 474.697,0.8953,0.0139891
R1@100 494.134,0.8961,0.00896107
R1@128 916.737,0.8964,0.00700312
R1@1 949.274,0.85,0.85
R1@2 982.62,0.8846,0.4423
R1@4 1115.43,0.899,0.22475
R1@8 1212.64,0.9043,0.113037
R1@10 1102.41,0.9053,0.0905226
R1@16 1127.21,0.9056,0.0566
R1@32 1025.61,0.9061,0.0283156
R1@64 971.197,0.9071,0.0141734
R1@100 1011.58,0.9077,0.0090771
R1@128 991.259,0.908,0.00709375
R1@1 1178.35,0.8594,0.8594
R1@2 1324.72,0.8944,0.4472
R1@4 1313.46,0.9089,0.227225
R1@8 1254.11,0.9142,0.114275
R1@10 1219.36,0.9152,0.0915124
R1@16 968.14,0.9155,0.0572187
R1@32 527.91,0.916,0.028625
R1@64 555.231,0.9169,0.0143266
R1@100 577.193,0.917,0.00917012
R1@128 592.408,0.9174,0.00716719
R1@1 660.617,0.8656,0.8656
R1@2 664.36,0.9008,0.4504
R1@4 845.119,0.9153,0.228825
R1@1 707.996,0.815,0.815
R1@2 698.048,0.85,0.425
R1@4 677.549,0.8656,0.2164
R1@8 649.088,0.8706,0.108825
R1@10 638.177,0.8713,0.0871234
R1@16 618.731,0.8717,0.0544812
R1@32 738.661,0.8722,0.0272563
R1@64 690.592,0.873,0.0136406
R1@100 642.707,0.8735,0.00873503
R1@128 609.16,0.8739,0.00682734
R1@1 790.272,0.8363,0.8363
R1@2 892.624,0.8718,0.4359
R1@4 952.957,0.8875,0.221875
R1@8 1072.28,0.8928,0.1116
R1@10 1068.9,0.8935,0.0893429
R1@16 976.561,0.894,0.055875
R1@32 877.607,0.8945,0.0279531
R1@64 886.922,0.8955,0.0139922
R1@100 1152.33,0.8962,0.00896207
R1@128 1438.2,0.8963,0.00700234
R1@1 2130.17,0.8526,0.8526
R1@2 1875.99,0.8882,0.4441
R1@4 1779.37,0.9041,0.226025
R1@8 1741.74,0.9096,0.1137
R1@10 1717.37,0.9103,0.0910225
R1@16 1664.65,0.9107,0.0569188
R1@32 1844.35,0.9111,0.0284719
R1@64 1813.84,0.9122,0.0142531
R1@100 1502.37,0.9128,0.00912811
R1@128 763.882,0.9129,0.00713203
R1@1 958.722,0.8623,0.8623
R1@2 998.799,0.898,0.449
R1@4 1060.6,0.914,0.2285
R1@1 366.072,0.8031,0.8031
R1@2 351.84,0.837,0.4185
R1@4 358.238,0.8512,0.2128
R1@8 361.394,0.8569,0.107112
R1@10 352.13,0.8581,0.0858038
R1@16 335.892,0.8587,0.0536687
R1@32 326.65,0.8592,0.02685
R1@64 327.311,0.8602,0.0134406
R1@100 324.013,0.8611,0.008611
R1@128 327.855,0.8615,0.00673047
R1@1 429.491,0.8286,0.8286
R1@2 455.871,0.8641,0.43205
R1@4 520.415,0.8784,0.2196
R1@8 477.09,0.884,0.1105
R1@10 442.072,0.8852,0.0885131
R1@16 445.003,0.8856,0.05535
R1@32 477.313,0.8864,0.0277
R1@64 454.763,0.8873,0.0138641
R1@100 464.804,0.8879,0.00887906
R1@128 478.869,0.8884,0.00694063
R1@1 704.695,0.8451,0.8451
R1@2 719.924,0.881,0.4405
R1@4 757.876,0.8954,0.22385
R1@8 758.495,0.901,0.112625
R1@10 653.847,0.9021,0.0902027
R1@16 667.214,0.9025,0.0564062
R1@32 611.317,0.903,0.0282187
R1@64 610.726,0.904,0.014125
R1@100 632.604,0.9045,0.00904509
R1@128 1038.67,0.9047,0.00706797
R1@1 1410.32,0.8584,0.8584
R1@2 1311.36,0.8942,0.4471
R1@4 1470.73,0.9086,0.22715
R1@8 1335.23,0.9143,0.114288
R1@10 1271.65,0.9154,0.0915324
R1@16 1318.27,0.9158,0.0572375
R1@32 1319.28,0.9161,0.0286281
R1@64 1324.23,0.9172,0.0143313
R1@100 1197.74,0.9179,0.00917912
R1@128 1243.2,0.918,0.00717187
R1@1 1572.28,0.8668,0.8668
R1@2 1605.79,0.9026,0.4513
R1@4 1235.93,0.9169,0.229225
R1@8 674.694,0.9226,0.115325
R1@10 720.426,0.9237,0.0923622
R1@16 685.338,0.9241,0.0577562
R1@32 675.925,0.9244,0.0288875
R1@64 679.494,0.9251,0.0144547
R1@100 661.458,0.9255,0.00925514
R1@128 662.223,0.9257,0.00723203
R1@1 422.479,0.7963,0.7963
R1@2 413.225,0.8302,0.4151
R1@4 411.402,0.8448,0.2112
R1@8 412.119,0.8509,0.106362
R1@10 396.054,0.8519,0.0851839
R1@16 377.848,0.8522,0.0532625
R1@32 376.427,0.8527,0.0266469
R1@64 375.452,0.8539,0.0133422
R1@100 371.29,0.8549,0.00854899
R1@128 345.69,0.8552,0.00668125
R1@1 483.146,0.8221,0.8221
R1@2 562.455,0.8561,0.42805
R1@4 512.445,0.8711,0.217775
R1@8 480.211,0.877,0.109625
R1@10 456.019,0.8781,0.0878033
R1@16 444.99,0.8786,0.0549125
R1@32 474.346,0.8788,0.0274625
R1@64 494.602,0.88,0.01375
R1@100 443.651,0.8808,0.00880804
R1@128 519.751,0.8809,0.00688203
R1@1 663.173,0.8379,0.8379
R1@2 790.887,0.8725,0.43625
R1@4 809.962,0.8877,0.221925
R1@8 787.033,0.8935,0.111687
R1@10 688.211,0.8946,0.0894529
R1@16 638.971,0.895,0.0559375
R1@32 643.888,0.8953,0.0279781
R1@64 834.06,0.8962,0.0140031
R1@100 1310.74,0.8967,0.00896707
R1@128 1168.52,0.8969,0.00700703
R1@1 1531.03,0.8505,0.8505
R1@2 1400.75,0.8852,0.4426
R1@4 1350.87,0.9006,0.22515
R1@8 1310.19,0.9065,0.113312
R1@10 1449.09,0.9075,0.0907426
R1@16 1446.11,0.9079,0.0567437
R1@32 1281.33,0.9083,0.0283844
R1@64 1364.07,0.9091,0.0142047
R1@100 1336.14,0.9093,0.0090931
R1@128 1289.47,0.9094,0.00710469
R1@1 1551.02,0.8604,0.8604
R1@2 850.395,0.895,0.4475
R1@4 744.325,0.9105,0.227625
R1@8 744.304,0.9165,0.114562
R1@10 773.279,0.9175,0.0917423
R1@16 824.661,0.9179,0.0573688
R1@32 704.256,0.9181,0.0286906
R1@1 670.645,0.8462,0.8462
R1@2 654.999,0.8821,0.44105
R1@4 635.026,0.8981,0.224525
R1@8 602.978,0.9038,0.112975
R1@10 599.811,0.9046,0.0904526
R1@16 592.01,0.9049,0.0565563
R1@32 627.296,0.9052,0.0282875
R1@64 682.465,0.9058,0.0141531
R1@100 625.818,0.9066,0.0090661
R1@128 591.277,0.9066,0.00708281
R1@1 714.244,0.8586,0.8586
R1@2 757.417,0.8948,0.4474
R1@4 857.504,0.9107,0.227675
R1@8 959.422,0.9166,0.114575
R1@10 1008.95,0.9173,0.0917223
R1@16 979.214,0.9176,0.05735
R1@32 876.703,0.9179,0.0286844
R1@64 803.74,0.9185,0.0143516
R1@100 816.093,0.919,0.00919012
R1@128 1493.17,0.919,0.00717969
R1@1 1534.97,0.8672,0.8672
R1@2 1508.79,0.9036,0.4518
R1@4 1603.57,0.9194,0.22985
R1@8 1687.9,0.9254,0.115675
R1@10 1659.91,0.9261,0.0926021
R1@16 1595.55,0.9264,0.0579
R1@32 1636.73,0.9267,0.0289594
R1@64 1683.19,0.9273,0.0144891
R1@100 1637.83,0.9275,0.00927514
R1@128 1613.71,0.9276,0.00724688
R1@1 1337.35,0.8745,0.8745
R1@2 938.452,0.9105,0.45525
R1@4 922.76,0.9265,0.231625
R1@8 959.336,0.9325,0.116563
R1@10 956.465,0.9332,0.0933119
R1@1 703.484,0.8316,0.8316
R1@2 687.529,0.8669,0.43345
R1@4 664.272,0.8823,0.220575
R1@8 635.383,0.8883,0.111038
R1@10 636.081,0.8893,0.088923
R1@16 608.658,0.8898,0.0556125
R1@32 712.724,0.8903,0.0278219
R1@64 669.315,0.8916,0.0139313
R1@100 683.417,0.8923,0.00892306
R1@128 684.709,0.8927,0.00697422
R1@1 874.626,0.8476,0.8476
R1@2 907.347,0.8834,0.4417
R1@4 1021.2,0.899,0.22475
R1@8 1063.82,0.9052,0.11315
R1@10 1041.12,0.9061,0.0906026
R1@16 923.916,0.9065,0.0566562
R1@32 851.254,0.9072,0.02835
R1@64 962.58,0.9083,0.0141922
R1@100 1693.52,0.9089,0.0090891
R1@128 1700.08,0.9091,0.00710234
R1@1 1747.64,0.8593,0.8593
R1@2 1788.63,0.8949,0.44745
R1@4 1651.36,0.9107,0.227675
R1@8 1770.16,0.9169,0.114612
R1@10 1750.91,0.9178,0.0917723
R1@16 1633.41,0.9181,0.0573812
R1@32 1660.43,0.9185,0.0287031
R1@64 1656.01,0.9197,0.0143703
R1@100 1375.73,0.92,0.00920012
R1@128 726.276,0.9202,0.00718906
R1@1 957.021,0.8662,0.8662
R1@2 876.574,0.9016,0.4508
R1@4 876.165,0.9176,0.2294
R1@8 917.366,0.9238,0.115475
R1@1 595.387,0.8274,0.8274
R1@2 582.729,0.862,0.431
R1@4 601.83,0.8772,0.2193
R1@8 630.696,0.8829,0.110362
R1@10 588.226,0.8837,0.0883631
R1@16 584.736,0.8843,0.0552687
R1@32 581.769,0.885,0.0276562
R1@64 681.601,0.8862,0.0138469
R1@100 621.601,0.8868,0.00886805
R1@128 597.061,0.8872,0.00693125
R1@1 771.838,0.8417,0.8417
R1@2 797.075,0.8763,0.43815
R1@4 827.829,0.8921,0.223025
R1@8 925.106,0.8976,0.1122
R1@10 970.467,0.8985,0.0898428
R1@16 972.314,0.899,0.0561875
R1@32 905.448,0.8997,0.0281156
R1@64 788.277,0.9007,0.0140734
R1@100 786.778,0.9015,0.00901509
R1@128 1228.08,0.9022,0.00704844
R1@1 1824.7,0.8542,0.8542
R1@2 1857.91,0.8889,0.44445
R1@4 1702.23,0.9047,0.226175
R1@8 1690.92,0.9101,0.113762
R1@10 1622.14,0.9109,0.0910825
R1@16 1498.52,0.9115,0.0569687
R1@32 1501.92,0.9119,0.0284969
R1@64 1495.85,0.9127,0.0142609
R1@100 1555.43,0.9133,0.00913311
R1@128 1665.42,0.9141,0.00714141
R1@1 1466.37,0.8625,0.8625
R1@2 815.025,0.8974,0.4487
R1@4 874.703,0.9132,0.2283
R1@8 945.348,0.9186,0.114825
R1@10 916.633,0.9195,0.0919423
R1@16 882.472,0.92,0.0575
